Number xind yind east north data err wgt Elos Nlos Ulos
********************************************************
   0  451 3702 86.472941 33.456421 0.018010666593909264 0.003300690557807684 15591 -0.7531495660705683 -0.13460116033645017 0.6439318743188567
   1  451 3712 86.472429 33.546527 0.007423060014843941 0.005044740624725819 15513 -0.7521884189507015 -0.13424882658043946 0.6451277663829227
   2  450 3722 86.471542 33.637349 0.001589911407791078 0.001984237227588892 15187 -0.7511902606709276 -0.13389090414567686 0.6463639981157652
   3  451 3732 86.471264 33.727210 0.004169464111328125 0.0025468759704381227 15335 -0.7501468340872212 -0.13352215646968382 0.6476508017756208
   4  451 3742 86.470676 33.817275 0.011400217190384865 0.004009747877717018 15615 -0.7490697917922661 -0.1331490513457691 0.6489728631845965
   5  451 3751 86.470365 33.900709 0.015422963537275791 0.0035335079301148653 12716 -0.7480789602633398 -0.13280308127771326 0.6501855203051401
   6  450 3763 86.458933 34.014150 0.021519720554351807 0.0035751790273934603 8185 -0.7473992124388475 -0.13253309400495478 0.6510218093422557
   7  451 3772 86.469048 34.087954 0.026730027049779892 0.002990859095007181 15605 -0.7458885246689065 -0.13203682581026674 0.6528526521330761
   8  451 3781 86.470185 34.173750 0.03270760551095009 0.004493464715778828 14023 -0.7446724637076008 -0.13163466868428284 0.6543204381616329
   9  460 3616 86.574229 32.682061 0.013446674682199955 0.0018328572623431683 2412 -0.7568924572752134 -0.1361061776095589 0.639209602975741
  10  461 3621 86.583815 32.735017 0.017076808959245682 0.0027053733356297016 15542 -0.7556669814323299 -0.1357085927475937 0.6407422188582694
  11  460 3631 86.580537 32.823427 0.019290437921881676 0.0022737153340131044 14663 -0.7548477433175308 -0.13540631594329827 0.6417709981068753
  12  460 3642 86.582219 32.916169 0.027663880959153175 0.0038007469847798347 15247 -0.753601391483855 -0.13498199681006073 0.6433232494561085
  13  441 3692 86.366288 33.365730 0.017247216776013374 0.004873489961028099 15315 -0.7605642888703259 -0.13691245055134016 0.6346628580429159
  14  441 3702 86.365379 33.455860 0.01155705563724041 0.004085907246917486 15494 -0.7595680351647071 -0.13655574166239506 0.6359315445667556
  15  340 3712 85.287553 33.535904 0.008848106488585472 0.002818190958350897 15586 -0.8209362347349854 -0.1562622230638507 0.5492229202630642
  16  340 3722 85.285674 33.626084 0.011171553283929825 0.0025934309232980013 15615 -0.8199036792710147 -0.1558984632075637 0.5508662504522972
  17  340 3732 85.283863 33.716276 0.00429156981408596 0.0043702758848667145 15609 -0.8189211713699003 -0.15554400228433343 0.5524257220980225
  18  340 3742 85.282062 33.806462 0.005727850832045078 0.004744064062833786 15619 -0.8178825008591009 -0.15517810745977562 0.5540649508439108
  19  340 3751 85.279316 33.895790 0.018251970410346985 0.002981937723234296 15297 -0.8168536290596109 -0.1548231549412895 0.5556797093525812
  20  341 3759 85.281196 33.959623 0.01920555718243122 0.005032774526625872 5616 -0.81586654748624 -0.15448931800358276 0.5572206271448237
  21  350 3593 85.412280 32.467097 -0.007474931888282299 0.004792660474777222 11347 -0.8273786223180993 -0.158607686274525 0.5387840171958015
  22  350 3601 85.413033 32.545145 -0.005634242203086615 0.002968268934637308 15622 -0.826357285218772 -0.15825100113350557 0.5404537517735485
  23  350 3611 85.411342 32.635220 -0.007796663325279951 0.0040463716723024845 15573 -0.8253503874219702 -0.15789319964541274 0.5420945263403216
  24  350 3621 85.409830 32.725566 -0.012153584510087967 0.0031545693054795265 15620 -0.8243043416276784 -0.15752560666516116 0.5437904335481939
  25  350 3631 85.408234 32.815755 -0.01692807301878929 0.0028154582250863314 15620 -0.823260357584428 -0.15715912736521118 0.5454753819520778
  26  350 3641 85.406622 32.905964 -0.013581333681941032 0.006071930285543203 15625 -0.8222056728907501 -0.15679050560623256 0.5471695978561041
  27  351 3651 85.406197 32.995528 -0.015832535922527313 0.006396288517862558 15176 -0.8211536573208974 -0.15641430590181696 0.5488544761389552
  28  350 3661 85.403370 33.086378 -0.010995540767908096 0.003374093910679221 15602 -0.8201197404571764 -0.1560577686704955 0.5504993952313116
  29  350 3671 85.401720 33.176496 -0.008105413056910038 0.003871313063427806 15576 -0.8190399893064375 -0.1556842723037634 0.552210017361292
  30  420 3671 86.149376 33.182966 0.011737247928977013 0.003197248326614499 14176 -0.7754628522672067 -0.1416274132901743 0.6153040228686487
  31  420 3682 86.151371 33.274830 0.0120426369830966 0.0036399916280061007 15341 -0.7742116745457541 -0.14119683692471433 0.6169762849895568
  32  421 3692 86.151008 33.364347 0.0068023898638784885 0.004367421846836805 15493 -0.7732372464087185 -0.14084000956183296 0.6182784586841802
  33  421 3702 86.149997 33.454543 0.004725621547549963 0.0022209675516933203 15520 -0.7722262849404233 -0.14047954085664527 0.6196225168986506
  34  421 3712 86.149133 33.544766 0.002554976614192128 0.005027933977544308 15360 -0.7711322067096406 -0.14010239024812338 0.6210687884782835
  35  421 3722 86.148181 33.635106 0.010463347658514977 0.004703122191131115 15588 -0.770048143956693 -0.1397274998896714 0.6224966520098192
  36  360 3661 85.510564 33.087694 -0.005448182579129934 0.0026543056592345238 15582 -0.8139506703325442 -0.15400891221961158 0.5601478030146453
  37  360 3671 85.509089 33.177871 0.0024834515061229467 0.006130492314696312 15581 -0.812830710442441 -0.1536267805176389 0.5618763640423236
  38  360 3682 85.507493 33.268099 9.769242751644924e-05 0.0034168860875070095 15581 -0.8117688019594086 -0.15325677898673146 0.56351022338552
  39  360 3692 85.505832 33.358257 0.005995459388941526 0.004992324393242598 15501 -0.8107081126967465 -0.1528875525859077 0.5651351628344947
  40  360 3702 85.504302 33.448633 0.016906527802348137 0.004093345254659653 15567 -0.8095029318402102 -0.15248840491168048 0.5669676266856825
  41  360 3712 85.502831 33.538693 0.024472327902913094 0.004314843565225601 15624 -0.8084698236889585 -0.15212310124515063 0.5685376911444853
  42  360 3722 85.501272 33.628873 0.016560735180974007 0.002812683116644621 15608 -0.8075816690965879 -0.15178655314737025 0.5698883136394446
  43  360 3732 85.499779 33.719077 0.004408069420605898 0.006197805516421795 15398 -0.8066027229192889 -0.1514314986906291 0.5713672624359037
  44  360 3742 85.498191 33.809299 0.00817835796624422 0.003685965435579419 15590 -0.8055209037321784 -0.15105695810677117 0.572990287053824
  45  441 3712 86.366470 33.546562 0.002083522267639637 0.0028389510698616505 14493 -0.758467529165951 -0.13616417340088244 0.6373274865271008
  46  441 3722 86.364203 33.636571 0.0033488895278424025 0.002380781341344118 15306 -0.7574908013589472 -0.13582094056846875 0.6385611622700494
  47  441 3732 86.363278 33.726618 0.005489751230925322 0.002552945399656892 15591 -0.7564312734208355 -0.13545259829000195 0.6398939929452537
  48  441 3742 86.362621 33.816776 0.008084863424301147 0.004403178580105305 15625 -0.7553209161712379 -0.13507277964071654 0.641284381374108
  49  441 3751 86.362147 33.906565 0.017752626910805702 0.0026519540697336197 15468 -0.7542878572717482 -0.13470650819287544 0.6425760538822448
  50  441 3762 86.361646 33.998050 0.021896831691265106 0.004878452513366938 15307 -0.7532102025082626 -0.134328898842186 0.6439178035846717
  51  441 3772 86.360595 34.087419 0.0305794607847929 0.002384595340117812 15623 -0.7521216327663717 -0.1339574236461609 0.6452661917185263
  52  441 3780 86.362107 34.165597 0.030790265649557114 0.0019209971651434898 11394 -0.7510383117777927 -0.13359089184934153 0.6466026042762745
  53  450 3615 86.472846 32.674220 0.010154470801353455 0.0017947653541341424 5142 -0.7629616796164397 -0.13796095701137454 0.6315506707916373
  54  450 3622 86.475306 32.735233 0.012317118234932423 0.0038596424274146557 14646 -0.7620984236583956 -0.13766341398045065 0.632656918960534
  55  451 3631 86.476668 32.824814 0.01916029118001461 0.002159658819437027 15614 -0.7608210889642201 -0.13724058878620582 0.6342840778207457
  56  451 3641 86.476133 32.914988 0.02512054331600666 0.002750272862613201 15609 -0.75969355925572 -0.1368579381455698 0.6357166041499303
  57  451 3651 86.476223 33.004323 0.026231445372104645 0.0035326245706528425 14924 -0.7586343709228427 -0.1364850984376469 0.6370602084253643
  58  451 3662 86.476760 33.095888 0.033408984541893005 0.003411931684240699 14817 -0.7573703004645891 -0.13606671812571047 0.6386517644167882
  59  550 3661 87.545942 33.095002 0.0005476376391015947 0.0031086867675185204 15381 -0.6953599543444491 -0.11772762097288168 0.7089532714884326
  60  491 3631 86.904116 32.825919 0.0069309426471591 0.0023652520030736923 15593 -0.73573494392841 -0.12967284843122617 0.6647398323121549
  61  491 3641 86.904013 32.916076 0.009387723170220852 0.0033466818276792765 15615 -0.7346377670679455 -0.12929644379620125 0.6660253604924355
  62  491 3651 86.904017 33.006212 -0.0016490702982991934 0.005521133076399565 15549 -0.733663694062637 -0.12894157121800134 0.6671668870876301
  63  488 3664 86.876726 33.119377 -0.11057216674089432 0.04724126309156418 3820 -0.7339058317118904 -0.1289464019880992 0.6668995843405526
  64  493 3664 86.930457 33.119354 -0.03126760572195053 0.017191452905535698 3883 -0.7306658276256353 -0.127995676437177 0.6706299688751874
  65  488 3659 86.876968 33.074244 -0.02917776070535183 0.015168838202953339 3800 -0.7344887902881145 -0.12913967579981475 0.6662200545431073
  66  493 3659 86.930468 33.074199 -0.013387711718678474 0.0034416348207741976 3946 -0.7313286071000352 -0.12820467535955662 0.6698671731418646
  67  488 3674 86.876665 33.209505 -0.14184311032295227 0.04780493304133415 3843 -0.7326904977905114 -0.12854826356165264 0.6683112885345994
  68  493 3674 86.930290 33.209532 -0.06304958462715149 0.03411063179373741 3899 -0.7295163927396382 -0.12761061637337748 0.6719533937059569
  69  488 3669 86.876695 33.164407 -0.21542583405971527 0.0501677542924881 3893 -0.733284047373326 -0.12874482785544417 0.6676221050626363
  70  493 3669 86.930367 33.164440 -0.05632134899497032 0.03055860660970211 3965 -0.7300129398764463 -0.12778916046117153 0.6713799506103655
  71  491 3681 86.904135 33.276774 -0.0017502044793218374 0.025855477899312973 15283 -0.7304161303712464 -0.127817143014111 0.6709359540561264
  72  490 3691 86.902634 33.367068 0.02553607150912285 0.00629030866548419 15005 -0.7294488548585912 -0.1274733644623134 0.6720527579722801
  73  491 3701 86.903720 33.456876 0.02981702610850334 0.003808912355452776 14588 -0.7282610514512818 -0.12707329389251898 0.6734153390875345
  74  491 3712 86.903611 33.547977 0.025845689699053764 0.0028214354533702135 14595 -0.727229065126563 -0.1267067355126002 0.6745986140001216
  75  540 3752 87.443478 33.907857 0.041121672838926315 0.006539945024996996 15491 -0.6919621354439929 -0.11617007097920365 0.712525731269037
  76  541 3762 87.443968 33.998067 0.025117820128798485 0.0070846001617610455 15499 -0.6909912585865379 -0.11581701322462835 0.7135247017481025
  77  541 3772 87.444442 34.088284 0.019039323553442955 0.0023663246538490057 15500 -0.6899433559250316 -0.11545098806803994 0.7145972536814135
  78  541 3782 87.444915 34.178501 0.018788708373904228 0.0035765734501183033 15500 -0.6889504421281257 -0.11509437125644749 0.7156120275655959
  79  541 3788 87.453461 34.232415 0.020733250305056572 0.002087918808683753 2835 -0.6879238508960319 -0.11475278217767487 0.7166537339265436
  80  550 3622 87.541995 32.742160 0.01019840594381094 0.003403827315196395 12881 -0.6994980167740165 -0.1191777393506864 0.7046269871162171
  81  550 3631 87.544480 32.824697 0.004761839285492897 0.002677315380424261 15625 -0.6984165895305421 -0.11880870325806557 0.705761120704919
  82  550 3641 87.545034 32.914940 0.0010099757928401232 0.0022972559090703726 15617 -0.6974226214380151 -0.11845192910806564 0.706803245321571
  83  550 3651 87.545542 33.005162 0.004610797390341759 0.0030365404672920704 15603 -0.6963117790613594 -0.11807527756328003 0.7079605463362764
  84  461 3651 86.582771 33.005709 0.033027537167072296 0.005257926415652037 15582 -0.7522708729568499 -0.13455649060741226 0.6449675065739021
  85  461 3661 86.582252 33.095904 0.03692193329334259 0.002162221120670438 15611 -0.7510501399977303 -0.13415743344542003 0.6464715541001997
  86  461 3671 86.581675 33.185705 0.03835784271359444 0.003447488648816943 15336 -0.7500625401534181 -0.1338023450111765 0.6476906038596763
  87  461 3682 86.581503 33.277351 0.03586389124393463 0.0019185347482562065 14837 -0.749111063375587 -0.1334472625135636 0.6488639632896355
  88  460 3691 86.580376 33.366093 0.024720698595046997 0.004853217862546444 15012 -0.748035715524162 -0.13308194048129215 0.65017825664812
  89  460 3701 86.580112 33.456607 0.019380131736397743 0.0032588252797722816 15429 -0.7467838530247625 -0.13267483797512666 0.6516987526685653
  90  481 3742 86.794947 33.818251 0.014261236414313316 0.0018018074333667755 15622 -0.7302825561329805 -0.12746083206667128 0.6711491074990356
  91  481 3752 86.794740 33.908483 0.01733643375337124 0.0020235867705196142 15622 -0.729222632250748 -0.12709073363321077 0.6723706552474332
  92  481 3762 86.794520 33.998696 0.017531629651784897 0.0022190078161656857 15625 -0.7281852451230724 -0.12672476877231365 0.6735629753517148
  93  481 3772 86.794301 34.088916 0.018713848665356636 0.0027988534420728683 15623 -0.7270459472421633 -0.12634064201021147 0.6748646032910549
  94  481 3777 86.802936 34.142163 0.019828608259558678 0.0026881953235715628 2600 -0.7258683142596546 -0.1259627998059571 0.6762015701097503
  95  471 3630 86.698121 32.816209 0.01738205924630165 0.0025795167312026024 11647 -0.7479439895231871 -0.1333312307490829 0.6502327056085946
  96  470 3643 86.687167 32.925426 0.022712411358952522 0.004804652649909258 6024 -0.7474125859769355 -0.13309467208040554 0.6508918762644678
  97  469 3653 86.673692 33.018667 0.028931675478816032 0.006629317067563534 8708 -0.7470058142290896 -0.13292904221082236 0.6513924955392473
  98  468 3664 86.662346 33.118868 0.04122636839747429 0.004593521822243929 3835 -0.7463172230624505 -0.13268341969736566 0.6522313337288889
  99  473 3664 86.715933 33.119029 0.05396730452775955 0.0074929832480847836 3898 -0.7432216730328628 -0.13174520214274565 0.6559456886409114
 100  468 3659 86.662510 33.073794 0.034896861761808395 0.0029486960265785456 3892 -0.7468748200108176 -0.13287357395071717 0.6515540012764651
 101  473 3659 86.716101 33.073891 0.034633565694093704 0.006887397263199091 3966 -0.7438619375605844 -0.13195020807399846 0.6551782661519244
 102  468 3675 86.657896 33.217792 0.04618151858448982 0.007055990863591433 1623 -0.7454181803403991 -0.13235400171464665 0.6533254584417537
 103  473 3674 86.715806 33.209210 0.0679878294467926 0.005060900468379259 3866 -0.7420855561043511 -0.13136009944446142 0.6573078058986043
 104  468 3669 86.661708 33.161258 0.048154182732105255 0.005823815241456032 3343 -0.7458437079363135 -0.1325173281746627 0.6528064958816356
 105  360 3752 85.496546 33.899477 0.014393613673746586 0.003434878308326006 15597 -0.8044383842210581 -0.15068262992666726 0.5746073711937537
 106  361 3760 85.497325 33.977063 0.014691322110593319 0.002570853568613529 11198 -0.803433896737077 -0.1503293530030291 0.5761033407293925
 107  370 3595 85.622900 32.485143 -0.011350889690220356 0.003186000743880868 5908 -0.8150588844686534 -0.15451959207943824 0.558392971403042
 108  370 3601 85.626030 32.547653 -0.0024656180758029222 0.0031585884280502796 15625 -0.8140409667766283 -0.1541766823098778 0.5599704055048725
 109  370 3611 85.624647 32.637864 -0.0021946162451058626 0.0028207944706082344 15623 -0.8130019327638245 -0.15381119454038872 0.5615781101114471
 110  370 3621 85.623266 32.728080 -0.0017043635016307235 0.004169574473053217 15624 -0.811917280313224 -0.15343647151673137 0.5632473516469234
 111  370 3631 85.621879 32.818296 -0.0065561444498598576 0.0025121390353888273 15625 -0.8109085598629582 -0.15307662119351068 0.5647962956544257
 112  430 3711 86.256251 33.544646 0.0006065655616112053 0.0033290109131485224 15002 -0.7649140368098821 -0.1381602034953623 0.6291409019141343
 113  430 3722 86.255613 33.636032 0.003476192709058523 0.0022629606537520885 15119 -0.7637973153153121 -0.13777562958693626 0.6305803176511656
 114  431 3732 86.255343 33.725992 0.00532842893153429 0.002266919706016779 15588 -0.7627491293096579 -0.1374039743730372 0.6319287250662471
 115  431 3742 86.254551 33.816172 0.016383906826376915 0.0037786553148180246 15623 -0.7616448048883775 -0.13702526279114519 0.6333413523081869
 116  431 3752 86.253840 33.906202 0.024535352364182472 0.0023644783068448305 15458 -0.7605848806282177 -0.136654351027632 0.6346938062601339
 117  431 3762 86.252984 33.996724 0.028563570231199265 0.0037778597325086594 15549 -0.7595355241602274 -0.1362855034660269 0.636028339843171
 118  431 3772 86.252189 34.086813 0.03294051066040993 0.003207005327567458 15622 -0.7584486833160141 -0.13591012557574444 0.6374041359625696
 119  431 3779 86.254294 34.157380 0.027517154812812805 0.0036267805844545364 8741 -0.75745655921902 -0.13557021355854734 0.6386550540720499
 120  460 3711 86.579385 33.546163 0.01720697246491909 0.004559583030641079 15236 -0.7458931634357647 -0.13233878330026425 0.652786209393545
 121  461 3722 86.580173 33.637785 0.00706105912104249 0.002096431329846382 14901 -0.7448259802964257 -0.13195564024884432 0.654081010335865
 122  461 3732 86.579185 33.727595 0.008473506197333336 0.0029602409340441227 15381 -0.7438303412036957 -0.131601663860758 0.6552842326608155
 123  461 3742 86.578702 33.817676 0.010531924664974213 0.0028289679903537035 15484 -0.7428262112887295 -0.1312419613174638 0.6564943011268087
 124  461 3752 86.578341 33.907942 0.016126593574881554 0.003352575469762087 15607 -0.7417591905808131 -0.13086961845962225 0.6577738563922482
 125  461 3762 86.583054 33.999724 0.019373632967472076 0.0028713869396597147 13947 -0.7403780172284833 -0.1304012851239397 0.6594208795927262
 126  461 3772 86.577273 34.088229 0.020110834389925003 0.0050853886641561985 15567 -0.7396082389509057 -0.13012478082104437 0.6603386966490873
 127  460 3782 86.576501 34.178839 0.02543303743004799 0.004119559656828642 15421 -0.7383933892360529 -0.1297279808475951 0.6617747756734922
 128  463 3787 86.598388 34.228365 0.0208046343177557 0.0038729822263121605 1079 -0.7365359776843388 -0.1291372756651339 0.6639565630448745
 129  467 3616 86.651433 32.687984 0.013020951300859451 0.0018475324613973498 208 -0.7522998233018832 -0.13470769933800536 0.6449021721152882
 130  470 3622 86.689695 32.736650 0.0176154226064682 0.004992594942450523 15091 -0.7493964465840804 -0.13381293772064246 0.6484589914140484
 131  504 3614 87.049368 32.664199 0.003192669479176402 0.0018337777582928538 2694 -0.7290842613426874 -0.1278103594392494 0.6723843037150686
 132  502 3623 87.022117 32.746349 0.001113417441956699 0.0032533251214772463 10051 -0.7297767686555114 -0.12795598341003903 0.6716048944433698
 133  501 3631 87.010983 32.825872 0.0070770783349871635 0.002703507198020816 15616 -0.729478374281427 -0.1278197379819754 0.6719549211352986
 134  501 3641 87.011018 32.916115 0.006310043856501579 0.003039191011339426 15623 -0.7283132056676419 -0.1274310682333505 0.6732913168154111
 135  440 3614 86.367986 32.666091 0.011700442060828209 0.0034029504749923944 7826 -0.7692419687474519 -0.13989383552346046 0.6234552977560455
 136  441 3621 86.370445 32.734057 0.015999270603060722 0.0026274733245372772 15623 -0.7681861938334477 -0.13954573483987248 0.624833545427645
 137  441 3631 86.369806 32.824301 0.02033310756087303 0.0029803880024701357 15622 -0.7670006279792413 -0.13915197764609666 0.6263758965642193
 138  441 3641 86.369168 32.914525 0.019119583070278168 0.0025182219687849283 15624 -0.7660122295709619 -0.13879497961434006 0.6276632996930589
 139  440 3651 86.368087 33.003700 0.021193696185946465 0.002608251990750432 14795 -0.7650240938524046 -0.13844317830061267 0.6289448483033566
 140  440 3661 86.366774 33.094020 0.02646658569574356 0.002635275013744831 13277 -0.7639115260516448 -0.1380675171878061 0.6303780937366416
 141  440 3671 86.365793 33.182245 0.024910368025302887 0.003080949420109391 12441 -0.7629200600848544 -0.13771607879848952 0.6316543861642144
 142  440 3682 86.365762 33.276733 0.021292926743626595 0.003113082842901349 15026 -0.7616528429620076 -0.13729430215569902 0.6332734175721186
 143  500 3772 87.010413 34.089372 0.018703730776906013 0.004566805437207222 15146 -0.714738064246175 -0.1226669025977464 0.6885508917463585
 144  501 3779 87.014212 34.157170 0.027175944298505783 0.0020802186336368322 7883 -0.7136666733573204 -0.12231503309177708 0.689723794006596
 145  510 3614 87.112180 32.666102 0.0029685499612241983 0.0018585980869829655 7670 -0.725387625123901 -0.12672292863695672 0.6765752675606607
 146  511 3621 87.117659 32.735672 -0.004260516259819269 0.0032334644347429276 15457 -0.7243086823898168 -0.12635524449971308 0.6777988527595374
 147  511 3631 87.120178 32.821499 -0.0034768811892718077 0.003702913410961628 13627 -0.7232144815594015 -0.12597241661073275 0.6790373803525238
 148  510 3642 87.115045 32.920681 -0.001796057098545134 0.0032585954759269953 13714 -0.7223090372534011 -0.1256478964593979 0.6800604832052758
 149  511 3651 87.118099 33.006307 -0.003289535641670227 0.0028694255743175745 15611 -0.7210230369855417 -0.12522773895250638 0.681501132451729
 150  350 3682 85.400068 33.266822 -0.0012166431406512856 0.003897471819072962 15590 -0.8179050532007118 -0.1552992917156778 0.5539977021083659
 151  350 3692 85.398421 33.356956 0.007014784961938858 0.005107227712869644 15614 -0.8168471048616495 -0.15492986245449908 0.5556595585418931
 152  350 3702 85.396796 33.447151 0.01731618493795395 0.003072909079492092 15625 -0.8156986045422094 -0.15454207410978496 0.5574518220238751
 153  350 3712 85.395146 33.537238 0.018823495134711266 0.004839103203266859 15584 -0.8147196757724227 -0.15418815497558058 0.5589793044241484
 154  350 3722 85.393452 33.627578 0.015656301751732826 0.00260943197645247 15604 -0.813696501597622 -0.1538251486400205 0.5605674151550969
 155  350 3732 85.391730 33.717834 0.004422234836965799 0.005085185170173645 15532 -0.8127709486608264 -0.15348170600101305 0.5620024474466271
 156  350 3742 85.390046 33.807981 0.007746145594865084 0.003031194442883134 15574 -0.8117130338197859 -0.15311195119889096 0.5636299150392461
 157  351 3752 85.388724 33.897873 0.016785021871328354 0.004490116145461798 15524 -0.8105959250876371 -0.15272811515046916 0.5653391628694255
 158  351 3759 85.392252 33.968717 0.014101319946348667 0.004298296291381121 8086 -0.8095932375319969 -0.15236587176628927 0.5668716176202143
 159  360 3594 85.517875 32.476190 -0.01484617218375206 0.005020658019930124 8628 -0.8212012205838138 -0.15654994250069554 0.5487446316955487
 160  360 3601 85.519526 32.546444 -0.007091030478477478 0.004394557327032089 15625 -0.8202144822529642 -0.15620883343226666 0.5503153672761031
 161  360 3611 85.518075 32.636612 -0.009890309534966946 0.005173342768102884 15571 -0.819231869140953 -0.15585446991645605 0.5518772769292835
 162  360 3621 85.516539 32.726873 -0.011228235438466072 0.004933071322739124 15575 -0.8181419744058939 -0.155479124720943 0.5535972827708199
 163  360 3631 85.515067 32.817074 -0.005240755621343851 0.004052828531712294 15619 -0.8170728615162381 -0.155107343442452 0.5552779943270683
 164  360 3641 85.513549 32.907281 -0.007597762625664473 0.002608022652566433 15625 -0.8160461214097102 -0.15474423670865012 0.5568868367430009
 165  531 3622 87.331495 32.735383 0.004075202625244856 0.003543442115187645 15533 -0.7117915289215062 -0.12271579158530425 0.6915877774015218
 166  531 3631 87.331678 32.825386 -0.0025888981763273478 0.001936434069648385 15588 -0.7108105486370009 -0.12236231368435009 0.6926585220266755
 167  531 3641 87.332053 32.915686 -0.00336043001152575 0.0028673713095486164 15422 -0.7097740913594748 -0.12199715156094189 0.6937848616436139
 168  531 3651 87.332160 33.005869 -0.0056615532375872135 0.0036925480235368013 15521 -0.7086799859774092 -0.12162388330037932 0.6949678470879028
 169  531 3661 87.332717 33.095884 -0.009517517872154713 0.003626300720497966 15487 -0.7075638978410829 -0.12124423362141676 0.6961703572298156
 170  531 3671 87.332924 33.186363 -0.003555716946721077 0.00246124854311347 15592 -0.7064642425191011 -0.12086887059030492 0.6973514108139001
 171  531 3682 87.333091 33.276598 -0.0068541523069143295 0.00228130747564137 15525 -0.705461010034571 -0.12051111870993514 0.6984281162641457
 172  531 3691 87.333878 33.366782 0.0037616470362991095 0.004328717943280935 15362 -0.7044548601212106 -0.12014885838290541 0.6995052550773941
 173  541 3682 87.440298 33.276446 0.0014300484908744693 0.005253900773823261 15344 -0.6993207777052028 -0.11873706261672388 0.7048772657923806
 174  541 3692 87.440800 33.366584 0.009884731844067574 0.004749745596200228 15449 -0.6981692353265724 -0.11835262404654744 0.7060824139042169
 175  540 3702 87.441144 33.456756 0.017178919166326523 0.0038824588991701603 15461 -0.6972464785685396 -0.11800887335947303 0.7070510971154763
 176  540 3711 87.441293 33.546748 0.029972882941365242 0.005690631922334433 15097 -0.6962858040732313 -0.11766013182767679 0.7080552043621934
 177  541 3722 87.442102 33.637175 0.04009778052568436 0.004152837209403515 15410 -0.6951578721487786 -0.11727736169251377 0.7092260240741493
 178  540 3732 87.442559 33.727418 0.04959111288189888 0.007250542752444744 15495 -0.6940680797145216 -0.11690393921166396 0.7103541157184858
 179  541 3742 87.443038 33.817630 0.051175806671381 0.007928081788122654 15499 -0.6929780526540933 -0.11653048742628398 0.7114787867814004
 180  491 3722 86.903441 33.638050 0.021655309945344925 0.0036974868271499872 15127 -0.7262030210625966 -0.1263437307995912 0.6757709921912884
 181  491 3732 86.903299 33.728294 0.01808459497988224 0.004748138599097729 15553 -0.7251202587705421 -0.12597004149226393 0.6770023330587417
 182  490 3741 86.899101 33.817247 0.012596150860190392 0.0021775357890874147 14310 -0.7243078925117636 -0.1256749807083888 0.6779261582717645
 183  491 3752 86.902938 33.908608 0.013448091223835945 0.002356413984671235 15625 -0.7229643595000385 -0.12522536818012078 0.6794417870994189
 184  491 3762 86.902835 33.998829 0.014215768314898014 0.003095642663538456 15625 -0.7219202702609859 -0.12485837552324854 0.6806184756881057
 185  491 3772 86.902735 34.089050 0.020556198433041573 0.002615913050249219 15624 -0.7208704050232938 -0.12449037102143712 0.6817976288346106
 186  491 3778 86.907245 34.149580 0.022734280675649643 0.0018473421223461628 5226 -0.7198714670303212 -0.12415974560991552 0.6829124603678676
 187  511 3742 87.119250 33.818358 0.008140488527715206 0.00293566077016294 15613 -0.7116327015419683 -0.12192947642809474 0.6918902375912314
 188  511 3752 87.123013 33.910203 0.007132434286177158 0.0020084423013031483 14141 -0.710386151363133 -0.12149949816279644 0.6932455466122119
 189  511 3762 87.120388 33.999577 0.013914368115365505 0.0038163294084370136 14485 -0.7094907852107466 -0.12117949468756868 0.6942178013911081
 190  511 3772 87.120349 34.089404 0.021502019837498665 0.003039728384464979 15351 -0.7084180541519685 -0.12081000366514305 0.6953767349904415
 191  511 3780 87.121940 34.164861 0.02461715042591095 0.002110069151967764 10419 -0.7073850760787552 -0.1204656461045174 0.6964871730690199
 192  520 3615 87.220041 32.674260 0.006409285124391317 0.0013982603559270501 5411 -0.7189756637806746 -0.12484493207415875 0.6837307495107535
 193  521 3621 87.224461 32.735518 -0.0012074729893356562 0.0029753106646239758 15438 -0.7180479170604741 -0.12452898934646812 0.6847625279010685
 194  521 3631 87.224742 32.825685 -0.006121933460235596 0.003567527048289776 15592 -0.7170476377962196 -0.12417017969924349 0.6858749533291904
 195  360 3651 85.512013 32.997445 -0.008235507644712925 0.0033321126829832792 15596 -0.8150487876607126 -0.1543869997417131 0.5584443822293809
 196  578 3625 87.841216 32.761413 0.01918672025203705 0.006429760251194239 2097 -0.6822642693716751 -0.11426071049185285 0.7221218434423872
 197  577 3632 87.832622 32.825822 0.018327316269278526 0.00790088064968586 4525 -0.6820383512157308 -0.1141470986922888 0.7223531873890088
 198  577 3641 87.825247 32.907665 0.003641533898189664 0.005778910126537085 3577 -0.681454223055247 -0.11392973043849575 0.7229385578335001
 199  576 3649 87.817951 32.981753 -0.0050613111816346645 0.003459295490756631 821 -0.6810797674578293 -0.11376321946040341 0.7233175514651868
 200  410 3752 86.037289 33.904787 0.03251044824719429 0.0031305025331676006 15580 -0.7731579235469087 -0.14059288736134115 0.6184338810899948
 201  410 3762 86.036215 33.995557 0.035321835428476334 0.008814381435513496 15296 -0.77212837825566 -0.1402271176125456 0.6198016803610342
 202  411 3772 86.035344 34.085301 0.03959488868713379 0.0021194471046328545 15622 -0.7710404700515591 -0.1398509659693468 0.621239326556289
 203  411 3778 86.041650 34.140921 0.03339136391878128 0.0025132684968411922 3455 -0.7699619121347718 -0.1394912583787746 0.6226562797384056
 204  416 3603 86.112383 32.567684 0.000993378576822579 0.003138459986075759 1176 -0.7855129013204177 -0.14500079012062525 0.6016180289216523
 205  420 3612 86.155552 32.648777 0.008138337172567844 0.002747578779235482 13354 -0.7819338970898828 -0.1438494559617229 0.6065366556122928
 206  420 3621 86.156848 32.732920 0.0157022662460804 0.0043772622011601925 15492 -0.7808008123601808 -0.1434615452133572 0.6080862409746478
 207  421 3631 86.156161 32.823048 0.02202121540904045 0.005106358323246241 15569 -0.779718283797999 -0.14308596496361858 0.609561977604848
 208  421 3641 86.155231 32.912654 0.020866362378001213 0.003096161410212517 14556 -0.7786574024309204 -0.14271714362043372 0.6110028367825769
 209  420 3651 86.149802 32.999064 0.015074970200657845 0.0027157729491591454 12401 -0.7779264947691168 -0.1424496822172576 0.6119954712025552
 210  420 3662 86.152262 33.094521 0.013035297393798828 0.002496569650247693 14464 -0.7764960052266959 -0.14197473736321337 0.613919479913799
 211  410 3662 86.046192 33.093039 0.011594804935157299 0.003433624282479286 15548 -0.7826291879608978 -0.143915399850018 0.6056235727229212
 212  411 3671 86.045351 33.183076 0.014713595621287823 0.0033096978440880775 15567 -0.7814867811642073 -0.1435286383551026 0.6071885546002462
 213  411 3682 86.044366 33.273366 0.006969709414988756 0.0036697781179100275 15612 -0.7804806257681636 -0.14316828171129145 0.6085662132524052
 214  410 3692 86.043320 33.363659 0.005864299368113279 0.0023534614592790604 15450 -0.779529169142265 -0.14281858757283228 0.6098664816991266
 215  411 3702 86.042416 33.453897 0.005970736499875784 0.00195914669893682 15469 -0.7785120905162757 -0.14245538438801522 0.6112490395729395
 216  411 3711 86.042027 33.543743 0.012220168486237526 0.004274121485650539 15227 -0.7773825967097137 -0.1420679070928918 0.612774842913046
 217  411 3722 86.040474 33.634232 0.019533684477210045 0.003339342540130019 15584 -0.7763516938831736 -0.14170626432164476 0.6141639700086056
 218  411 3732 86.039461 33.724392 0.022935770452022552 0.004193353466689587 15540 -0.7753926303672053 -0.14135478013242767 0.6154551932561295
 219  411 3742 86.038407 33.814657 0.03011944331228733 0.005195319186896086 15605 -0.7742754745372864 -0.14097353470038246 0.61694728465578
 220  569 3624 87.739639 32.755170 0.016032425686717033 0.005943636875599623 4579 -0.6881289306057351 -0.11592021132444859 0.7162688597655928
 221  570 3632 87.755364 32.826830 0.016302229836583138 0.005226376932114363 14294 -0.6863253540445309 -0.11536741048216755 0.7180862545643723
 222  571 3641 87.759609 32.913152 0.004098050761967897 0.004462150391191244 15334 -0.6851318223581996 -0.11496291097133957 0.7192898686156565
 223  570 3651 87.759300 33.003043 -0.0008355581085197628 0.004377590958029032 15084 -0.6841717957571279 -0.11462016680688374 0.7202577116918839
 224  570 3661 87.753847 33.094228 0.005639052949845791 0.006970291957259178 12876 -0.6835715774211787 -0.11436884166964506 0.7208673016561821
 225  569 3671 87.746232 33.182782 0.013214034959673882 0.0023423763923346996 11150 -0.6829942415898738 -0.11414049071779231 0.7214504933353187
 226  560 3682 87.654686 33.275334 0.013860024511814117 0.002498153829947114 15598 -0.6871053614391378 -0.11524266309417093 0.7173599869553328
 227  560 3692 87.655351 33.365572 0.022778622806072235 0.0038967246655374765 15617 -0.6858739961476529 -0.11484582497734495 0.7186009309023489
 228  560 3702 87.656039 33.455717 0.024763789027929306 0.002253483748063445 15577 -0.6847654484923636 -0.11447009598233696 0.7197172206338034
 229  560 3711 87.656432 33.545809 0.023250000551342964 0.0016778629506006837 15530 -0.6839090838310543 -0.11413939436567092 0.7205834883670356
 230  560 3721 87.649984 33.634883 0.026201894506812096 0.002643137238919735 13442 -0.6833929247495403 -0.11391264122485767 0.7211088826047327
 231  559 3731 87.643685 33.724713 0.029664862900972366 0.00237082876265049 11407 -0.6826435928005885 -0.11364370705026905 0.7218606742690564
 232  558 3741 87.634248 33.814318 0.03357265889644623 0.001734557212330401 8463 -0.6822062664266249 -0.11344852998118411 0.7223046733154599
 233  557 3751 87.624777 33.902902 0.03393850848078728 0.0020378658082336187 5476 -0.6818647143071849 -0.11327184853226786 0.7226548275026357
 234  556 3761 87.616017 33.989520 0.03273237869143486 0.001246829517185688 2665 -0.681430174193259 -0.11307875068447014 0.7230948166337413
 235  556 3768 87.609615 34.056940 0.02944328263401985 0.0034329493064433336 331 -0.68108124806176 -0.1129239488456247 0.723447659002188
 236  380 3611 85.731275 32.638987 -0.0019090477144345641 0.006421786732971668 15622 -0.8068051867555707 -0.1517901417242573 0.570986114979724
 237  380 3621 85.729998 32.729210 -0.007644485216587782 0.0036718177143484354 15621 -0.8057884329452687 -0.15142863340515636 0.5725158253853381
 238  380 3631 85.727243 32.818212 -0.004691078793257475 0.004716172814369202 15069 -0.8048552872771917 -0.15109675864988803 0.5739143978568987
 239  380 3642 85.727020 32.910017 -0.005801019724458456 0.003017913084477186 15476 -0.8036882077651477 -0.1506947682615632 0.5756529783800642
 240  381 3651 85.726172 32.999896 -0.008487001061439514 0.0037686971481889486 15599 -0.8025986220851522 -0.15031614261517157 0.5772698754450212
 241  315 3713 85.008905 33.542962 0.011362326331436634 0.0029208476189523935 2222 -0.8364768661713406 -0.16157887880229335 0.5236398746134282
 242  314 3722 84.997622 33.626032 -0.0017450504237785935 0.005003830883651972 5192 -0.8361455307621767 -0.16144461189844347 0.5242101569746611
 243  313 3732 84.985451 33.714055 -0.005278970580548048 0.004026173148304224 8219 -0.8357384699409971 -0.16129260218333133 0.5249056166032241
 244  312 3742 84.974884 33.803802 0.003460958832874894 0.0036959729623049498 10671 -0.8351329812405461 -0.1610840212063369 0.5259323547342131
 245  311 3751 84.965918 33.887472 0.010940824635326862 0.0027950166258960962 11545 -0.834597264945964 -0.16088828501914618 0.5268418786394211
 246  370 3641 85.620482 32.908504 -0.007867904379963875 0.003850629087537527 15624 -0.8098599494575774 -0.1527089764773281 0.5663981203780755
 247  370 3651 85.619069 32.998734 -0.00830437894910574 0.0026822795625776052 15607 -0.8088216681759685 -0.15234319739998334 0.5679780447297179
 248  370 3661 85.617673 33.088923 -0.001735267578624189 0.002438995987176895 15619 -0.8077421712837614 -0.15196927646616593 0.5696120818066842
 249  370 3672 85.616121 33.179215 0.004286906681954861 0.005044050049036741 15542 -0.8066066543702674 -0.15158521915044104 0.5713209487325989
 250  370 3681 85.614887 33.269252 0.005902584176510572 0.003456147387623787 15585 -0.8055632422574857 -0.15121714402484995 0.5728885040534285
 251  371 3692 85.613804 33.360009 0.005998177453875542 0.006760160904377699 15400 -0.8045066353551317 -0.15084391386567575 0.5744694833663925
 252  370 3702 85.612039 33.449734 0.014676028862595558 0.004075074102729559 15595 -0.8033410885665772 -0.15045649522249888 0.5761995647915998
 253  370 3712 85.610584 33.539956 0.02609911933541298 0.003590833395719528 15514 -0.8023504939472509 -0.15009973441681054 0.5776709743362614
 254  370 3722 85.609108 33.630172 0.020154723897576332 0.003130493452772498 15584 -0.8014405463876225 -0.1497587550866597 0.5790210409655274
 255  370 3732 85.607665 33.720353 0.008048702962696552 0.0050020962953567505 15613 -0.800430101213896 -0.1493978531705337 0.5805100641149539
 256  568 3681 87.737850 33.272649 0.012467996217310429 0.0035337971057742834 8518 -0.6824479194086635 -0.11391956367168626 0.722002195500567
 257  567 3691 87.730517 33.362555 0.019242174923419952 0.0027131405659019947 6165 -0.6816936546013201 -0.11365658084053343 0.7227557975609296
 258  567 3701 87.723406 33.450623 0.02314065955579281 0.0013841198524460196 3818 -0.6809928126286868 -0.11340502723164216 0.7234556578994049
 259  566 3709 87.716389 33.524395 0.021915234625339508 0.0012809099862352014 1025 -0.6806764538380202 -0.11324706169671438 0.7237780517586575
 260  330 3722 85.177849 33.624556 0.007598837371915579 0.005858815740793943 15588 -0.8260640589516978 -0.15797968144859495 0.5409811371551196
 261  330 3732 85.176067 33.714641 -8.001357491593808e-05 0.003469564486294985 15479 -0.8250544521098785 -0.15761909736436933 0.5426245213770842
 262  330 3742 85.174048 33.804920 0.003705905517563224 0.0036550909280776978 15619 -0.8239963534918818 -0.157250143402386 0.5443366622155912
 263  330 3752 85.172144 33.895059 0.016671277582645416 0.006541785318404436 15614 -0.8228797011794743 -0.15686878599094495 0.546132933788566
 264  331 3758 85.178276 33.950170 0.021618274971842766 0.006706876214593649 3239 -0.8218026302200792 -0.15649907499090424 0.5478580806106186
 265  340 3592 85.306493 32.457943 -0.010504970327019691 0.0027520235162228346 14048 -0.8335116048690483 -0.1606742913573863 0.5286229059030881
 266  340 3601 85.306541 32.543763 -0.015843357890844345 0.006817566696554422 15617 -0.8324601750448084 -0.1603015582445227 0.5303899201424787
 267  340 3611 85.304853 32.633957 -0.012621819972991943 0.004219189286231995 15615 -0.8314387177846805 -0.15994003285117347 0.5320985289024318
 268  340 3621 85.303136 32.724158 -0.012424488551914692 0.005126092117279768 15625 -0.8303356873558593 -0.15956214383030204 0.53393123954265
 269  340 3631 85.301423 32.814354 -0.020617324858903885 0.0034869234077632427 15623 -0.8293520870797085 -0.15920808338748954 0.5355631632595858
 270  340 3641 85.299699 32.904563 -0.01869393326342106 0.0033150166273117065 15620 -0.8283101034087592 -0.15884225225283416 0.5372815942224503
 271  550 3672 87.546227 33.186100 0.004487038590013981 0.00423822458833456 15449 -0.6943095509468972 -0.11736120468872163 0.7100426713218931
 272  550 3682 87.547277 33.275855 0.011116820387542248 0.003651656210422516 15602 -0.6931330133367839 -0.11697079182100263 0.7112555516011368
 273  550 3692 87.547822 33.366120 0.020584318786859512 0.005074905697256327 15606 -0.69194021938123 -0.11658002507356185 0.7124800562517544
 274  550 3702 87.548407 33.456282 0.020399698987603188 0.0023223846219480038 15588 -0.6909085817979023 -0.11621695191576849 0.7135397337818122
 275  550 3711 87.549185 33.546374 0.025183180347085 0.0030135505367070436 15511 -0.6901115770899146 -0.11589299633670887 0.7143632301333618
 276  550 3722 87.549540 33.636798 0.03353046253323555 0.0029221668373793364 15604 -0.6890587894325324 -0.11552734471798559 0.7154379199680323
 277  550 3732 87.550113 33.726975 0.03643517196178436 0.0034591909497976303 15624 -0.6879588520917626 -0.11515271641284837 0.7165559780863785
 278  550 3742 87.550603 33.817496 0.037384841591119766 0.002537183929234743 15474 -0.6869271448471865 -0.1147897142167124 0.7176032463570228
 279  550 3752 87.551321 33.907471 0.03828783705830574 0.0034109107218682766 15594 -0.685969438357561 -0.11443890509278004 0.7185747467317356
 280  550 3761 87.551427 33.996708 0.03495772182941437 0.0029650693759322166 13689 -0.6849949779904675 -0.11409085498510738 0.7195590017063273
 281  550 3771 87.551140 34.087050 0.02212713100016117 0.004174281843006611 15226 -0.6840341982819742 -0.11374535740181765 0.7205270357524896
 282  550 3781 87.543384 34.176633 0.02026946470141411 0.0026577534154057503 12797 -0.6834940125053404 -0.11352163564821298 0.7210747347599303
 283  549 3788 87.539894 34.237864 0.023257609456777573 0.0020512514747679234 3617 -0.683031133806155 -0.113340974646519 0.7215416091381395
 284  560 3623 87.648771 32.749655 0.012414860539138317 0.0027554319240152836 10143 -0.6933087838721388 -0.11740319405751275 0.7110129536308253
 285  560 3631 87.651341 32.824187 0.01240217313170433 0.0031857916619628668 15625 -0.6921994118225464 -0.11704606356778542 0.7121518049375476
 286  490 3623 86.898530 32.752785 0.004571449477225542 0.002885326510295272 9085 -0.736924801518145 -0.13007105063019592 0.6633425651165464
 287  473 3669 86.715835 33.164119 0.06813862919807434 0.007528885267674923 3963 -0.7426010242952937 -0.131543361674068 0.6566887106651567
 288  471 3682 86.689011 33.277038 0.04662555456161499 0.007920068688690662 15416 -0.7428458110545821 -0.13155056336493465 0.6564103520489514
 289  471 3692 86.688685 33.366928 0.033570583909749985 0.006850668229162693 15510 -0.7417137020009318 -0.13116793117201703 0.6577657319259844
 290  470 3701 86.687424 33.456335 0.022138016298413277 0.00586035056039691 14888 -0.7405887202940118 -0.13079421044184386 0.6591063813134969
 291  471 3711 86.688074 33.546717 0.019537480548024178 0.004764898214489222 15142 -0.739547111654061 -0.1304202056192124 0.6603488771932441
 292  471 3722 86.687439 33.637650 0.00924275815486908 0.0033196338918060064 15307 -0.7386213743346114 -0.13007499956689927 0.6614521599206711
 293  471 3732 86.687157 33.727705 0.010180479846894741 0.0031682492699474096 15540 -0.7376126671818817 -0.12971400761912527 0.6626475906846836
 294  471 3742 86.686977 33.818138 0.014251048676669598 0.003869064385071397 15542 -0.7365501553710341 -0.12934190150026392 0.6639010025140808
 295  470 3751 86.685898 33.905431 0.017152531072497368 0.003451248398050666 11270 -0.7355817191209325 -0.12899941936234688 0.6650403629098546
 296  471 3762 86.686390 33.998403 0.01784132793545723 0.0029386708047240973 15560 -0.7344012809212521 -0.12859604165073138 0.6664216507984922
 297  471 3772 86.685915 34.088655 0.015557682141661644 0.004293703939765692 15612 -0.7332349417553806 -0.12820772379511147 0.6677793795470627
 298  470 3781 86.683149 34.178018 0.017994169145822525 0.0038359803147614002 14727 -0.7322491997123315 -0.12786963731410492 0.668924857793317
 299  470 3788 86.681225 34.234246 0.020832613110542297 0.0025480499025434256 2922 -0.7316853296929098 -0.12766828427135657 0.6695800082913065
 300  451 3671 86.479797 33.182265 0.03131542354822159 0.0033484636805951595 13700 -0.7561341655902853 -0.1356460379866054 0.6402040893384073
 301  451 3682 86.474795 33.276615 0.028500311076641083 0.004481342621147633 14858 -0.7553417482233856 -0.1353485076241992 0.641201703736618
 302  451 3692 86.473666 33.366629 0.023693744093179703 0.003076569177210331 15352 -0.7542570866311376 -0.13497818837907205 0.6425551617788253
 303  521 3641 87.225051 32.915997 -0.0030910952482372522 0.003641021205112338 15286 -0.7160078854939207 -0.1238038778828861 0.6870264243329247
 304  521 3651 87.225240 33.006181 -0.003961639944463968 0.0023998618125915527 15585 -0.7148338279210421 -0.12341489931618536 0.6883177762389445
 305  521 3661 87.225415 33.096417 -0.006194797344505787 0.002758906688541174 15609 -0.7137023512727989 -0.12303351663189946 0.689559067501013
 306  521 3671 87.226097 33.185761 -0.008786158636212349 0.002808999503031373 15248 -0.7126960219239361 -0.12267265436824544 0.6906633045153372
 307  521 3681 87.229954 33.276433 -0.006622845772653818 0.002845330163836479 11412 -0.7114457331491348 -0.12224512953243533 0.6920268037363063
 308  521 3692 87.227344 33.367928 0.005803756415843964 0.004829056560993195 14900 -0.7106151370851668 -0.12193256924385201 0.6929347555888815
 309  521 3702 87.226374 33.457368 0.024092383682727814 0.007040844298899174 15592 -0.7095762392781082 -0.12157686709676889 0.6940609670906954
 310  521 3712 87.226564 33.547508 0.034705061465501785 0.006432810798287392 15603 -0.7085121147801727 -0.12120757560233643 0.6952116992875848
 311  521 3722 87.226797 33.638006 0.042117998003959656 0.0055903056636452675 15531 -0.7074692462927703 -0.1208409793618555 0.6963366450624346
 312  521 3732 87.227062 33.727990 0.044806450605392456 0.010049313306808472 15625 -0.7063961220903465 -0.12047001903681848 0.6974894215749718
 313  521 3742 87.227300 33.818213 0.03214336559176445 0.01312289945781231 15625 -0.7053703067177486 -0.12010701418427937 0.6985893182297069
 314  521 3751 87.227312 33.908190 0.012422721832990646 0.006026132497936487 15526 -0.7044020356092479 -0.11975600797910388 0.6996258076875501
 315  521 3762 87.228178 33.998487 0.010117270052433014 0.0034586647525429726 15375 -0.703344867768466 -0.1193831923674021 0.700752203252995
 316  521 3772 87.228021 34.088877 0.020505845546722412 0.0028046690858900547 15625 -0.7022342955981103 -0.11900788498811907 0.7019288549393595
 317  521 3781 87.230069 34.172189 0.026669997721910477 0.003568135667592287 13187 -0.7011271914938862 -0.11863285448647518 0.7030980779267472
 318  530 3616 87.322646 32.681459 0.00957772508263588 0.0026520753744989634 2695 -0.712834246892908 -0.1230653080439509 0.6904507704483124
 319  370 3742 85.606034 33.810379 0.008749357424676418 0.004445747006684542 15505 -0.799357125025635 -0.1490264410088424 0.5820818727215178
 320  370 3752 85.604692 33.900798 0.015112854540348053 0.003994972910732031 15580 -0.798227877728533 -0.14864113721615443 0.5837277340884964
 321  371 3761 85.604973 33.985780 0.022514259442687035 0.005683012306690216 13785 -0.7971516079576565 -0.1482641701937342 0.5852922772147999
 322  380 3595 85.725734 32.493819 -0.010472599416971207 0.004240681417286396 3187 -0.8090618192397572 -0.15254999347006495 0.5675803662396521
 323  380 3601 85.732540 32.548772 -0.0011515163350850344 0.005283129867166281 15625 -0.8078467156443275 -0.15215640289845847 0.5694138328840239
 324  325 3645 85.136431 32.936915 -0.015268828719854355 0.002346447203308344 164 -0.8371339060342782 -0.1618407673378367 0.5225077888369631
 325  325 3653 85.129509 33.001971 -0.012796171009540558 0.002406393876299262 1979 -0.8366471633053879 -0.1616746372293227 0.5233381658257064
 326  324 3662 85.117272 33.087064 -0.01934935711324215 0.0036981140729039907 5133 -0.8363222848333675 -0.16154565266647553 0.5238969726918247
 327  323 3672 85.109215 33.173714 -0.004892435856163502 0.0077832844108343124 7087 -0.8356067402437032 -0.16130123128202956 0.5251126435786835
 328  323 3682 85.100248 33.264969 0.008245191536843777 0.0020917807705700397 9060 -0.8348323669712227 -0.16104339189854208 0.526421831788005
 329  321 3692 85.086033 33.354317 0.0018723395187407732 0.0032437529880553484 12654 -0.8345950648695675 -0.16093950608822852 0.5268297192408943
 330  321 3702 85.077718 33.443998 0.01333431713283062 0.0033209994435310364 14517 -0.8338697668965597 -0.16068915951599436 0.5280532225731802
 331  320 3712 85.072092 33.532725 0.013218790292739868 0.0034582277294248343 15619 -0.8330794383681579 -0.1604057995089828 0.5293851422660807
 332  320 3722 85.070103 33.622858 0.004619557876139879 0.003747309325262904 15557 -0.8321307469023144 -0.16005862283579567 0.5309799029301437
 333  320 3732 85.067846 33.713060 -0.0025381140876561403 0.004719236399978399 15529 -0.8311537869464563 -0.15970753351172365 0.5326132613671636
 334  340 3702 85.289218 33.445713 0.01799783669412136 0.0036067196633666754 15625 -0.8218523322094913 -0.15660432997167467 0.5477534371192415
 335  478 3659 86.769631 33.074072 -0.009279261343181133 0.020578056573867798 3876 -0.7407840250314909 -0.13101867651332014 0.6588422684245763
 336  483 3659 86.823252 33.074193 -0.04724087938666344 0.020431561395525932 3892 -0.737651131184679 -0.13008029620854125 0.6625329615953169
 337  478 3674 86.769329 33.209346 0.08056396245956421 0.006289450451731682 3841 -0.738881642062814 -0.1304067154557157 0.661096065323801
 338  483 3674 86.822989 33.209454 -0.008427086286246777 0.06698831915855408 3893 -0.7358129208372252 -0.12948055562595193 0.6646910043349362
 339  478 3669 86.769383 33.164289 0.07687731832265854 0.01029692031443119 3887 -0.7394037229128405 -0.13059067035279334 0.6604757462310326
 340  483 3669 86.823150 33.164279 -0.11884131282567978 0.10055100917816162 3945 -0.7364342483626073 -0.12968166138058748 0.6639633005973842
 341  478 3684 86.769109 33.299209 0.045514218509197235 0.003825900610536337 3896 -0.7378547051239458 -0.13004325359865765 0.6623135105974587
 342  483 3684 86.822623 33.299278 0.03886641934514046 0.0037231589667499065 3917 -0.7348396151648671 -0.1291282948873939 0.6658352825164977
 343  478 3679 86.769217 33.254079 0.05967480316758156 0.005540868267416954 3831 -0.7384157592556261 -0.13023404936348734 0.6616504053269567
 344  483 3679 86.822996 33.254020 0.046050071716308594 0.01174326054751873 3814 -0.7353181607194419 -0.12930237145234136 0.6652729509404224
 345  481 3692 86.796062 33.367260 0.03510228171944618 0.003347812220454216 15444 -0.7354876027350249 -0.12929342220328105 0.6650873605760751
 346  481 3701 86.796307 33.456713 0.029575461521744728 0.004732227418571711 14832 -0.7343056040743783 -0.12889987492563754 0.6664683803970878
 347  480 3711 86.794407 33.545720 0.025414060801267624 0.004295182414352894 14147 -0.7334646475613306 -0.12858332666317174 0.6674548216036537
 348  481 3722 86.795402 33.638431 0.020685987547039986 0.003129607532173395 14723 -0.7324329257323122 -0.12820501753702343 0.6686594669796703
 349  480 3732 86.794089 33.729281 0.013199091888964176 0.006012859754264355 14837 -0.731434183348903 -0.1278522783105043 0.6698192520072387
 350  431 3651 86.261941 33.003638 0.019896075129508972 0.0028089398983865976 14263 -0.7712743478336579 -0.14037487415947444 0.620830713704209
 351  430 3662 86.260457 33.095342 0.017205579206347466 0.003811799455434084 13829 -0.7701337619625819 -0.1399916693490717 0.6223313596455038
 352  430 3671 86.256875 33.183035 0.012924929149448872 0.0033094584941864014 12043 -0.7692263231206803 -0.13967501992370424 0.6235236584345069
 353  431 3682 86.259262 33.276388 0.016281617805361748 0.0037347248289734125 14884 -0.7678898453552837 -0.13922395686811892 0.6252694421081383
 354  430 3691 86.258054 33.364690 0.012579329311847687 0.004374640062451363 15220 -0.7669025822188508 -0.1388739802324788 0.6265576166646192
 355  431 3702 86.257701 33.455228 0.005757238250225782 0.002811757382005453 15469 -0.7659067422845633 -0.13851167775019402 0.6278545828851405
 356  388 3596 85.810270 32.500894 0.0006501195603050292 0.003912530839443207 613 -0.8040736089496552 -0.15093005377490717 0.5750528238850589
 357  390 3602 85.838658 32.550206 0.009278134442865849 0.005973918829113245 15479 -0.8016573627512595 -0.15015494775965754 0.5786181507782054
 358  390 3611 85.837892 32.640024 0.009978524409234524 0.0028396553825587034 15625 -0.8005942300085711 -0.14978221710056489 0.5801845967598781
 359  390 3621 85.836724 32.730247 0.006521052215248346 0.006645444314926863 15624 -0.7995654197614709 -0.14941814279904503 0.5816952450589116
 360  391 3631 85.835595 32.820460 0.0035459576174616814 0.0034280670806765556 15609 -0.7985082704231319 -0.14904825723232326 0.5832402241631364
 361  390 3641 85.834345 32.910701 0.0050679901614785194 0.006149191875010729 15604 -0.7974218136950463 -0.1486734321071655 0.5848201959823027
 362  391 3651 85.833208 33.000781 -0.0026711563114076853 0.004352638963609934 15574 -0.7963581076699853 -0.1483023979994895 0.586361802214197
 363  390 3661 85.830834 33.090779 -0.002523561241105199 0.0038057160563766956 14732 -0.7953428698603118 -0.1479499271331007 0.5878269629947858
 364  390 3672 85.829648 33.182016 0.000187625118996948 0.0037767640314996243 15103 -0.7941918636310182 -0.1475599846078999 0.5894788670383412
 365  511 3661 87.118421 33.096455 -0.012595181353390217 0.0043366230092942715 15535 -0.7200012541862869 -0.12486392899476709 0.6826471952671919
 366  511 3671 87.118345 33.186774 -0.016779182478785515 0.004838183522224426 15620 -0.7188926380227963 -0.12448701849179815 0.6838832921073942
 367  511 3682 87.118490 33.276989 -0.009975001215934753 0.00418322766199708 15615 -0.7178338424160465 -0.1241177250908879 0.6850615775245882
 368  510 3692 87.117722 33.367232 0.007715849205851555 0.006432108115404844 15105 -0.7169444535533243 -0.12378448792180713 0.6860525133465086
 369  511 3702 87.118870 33.457618 0.025013959035277367 0.004206372424960136 15482 -0.7157802625636479 -0.12338944280437812 0.6873380981211069
 370  511 3712 87.118841 33.547688 0.030937010422348976 0.004758529830724001 15625 -0.7146382591284887 -0.12300700633945677 0.6885938098626851
 371  511 3722 87.118964 33.637915 0.030328307300806046 0.005429287441074848 15625 -0.7136516207431666 -0.12265056642034164 0.6896797827741661
 372  511 3732 87.119090 33.728158 0.01885736919939518 0.006230541039258242 15617 -0.7126089561527345 -0.12228426774055438 0.6908219984005046
 373  401 3772 85.927102 34.084259 0.028023850172758102 0.006219618953764439 15574 -0.7773194737182828 -0.1418406760301903 0.6129075447419704
 374  403 3777 85.951449 34.133827 0.030070921406149864 0.002674587070941925 858 -0.7752631242050122 -0.14117199980436707 0.6156602591682523
 375  410 3603 86.049710 32.565719 0.005073051434010267 0.0028780840802937746 10641 -0.7891915176607427 -0.1461651647939835 0.5965002037326401
 376  411 3611 86.051149 32.641849 0.012085042893886566 0.0026434629689902067 15611 -0.7881180833021557 -0.1458021607439079 0.5980063684397886
 377  410 3621 86.050129 32.732047 0.01627364754676819 0.0029423811938613653 15592 -0.7869745508964342 -0.14541645947642176 0.5996041273662963
 378  411 3631 86.049244 32.822301 0.02416682429611683 0.0031381994485855103 15585 -0.7859180003027525 -0.1450462361754909 0.6010777704851897
 379  410 3641 86.047961 32.912186 0.022503959015011787 0.0039042991120368242 15482 -0.7848326076542781 -0.14467407740846092 0.6025837612221199
 380  410 3652 86.046112 33.002917 0.012654958292841911 0.003031874541193247 15128 -0.7839072208594912 -0.14433478639098327 0.6038683122352242
 381  330 3671 85.187255 33.173622 -0.005709065590053797 0.004520368296653032 15624 -0.8312391303977139 -0.1598030441724623 0.5324514016967806
 382  330 3681 85.185167 33.263607 0.01068777684122324 0.0030440331902354956 15498 -0.8300351465287823 -0.15940658983498388 0.5344447535939744
 383  330 3692 85.183227 33.354075 0.010494275949895382 0.0031930117402225733 15502 -0.8290354480491281 -0.15904909103251774 0.5361003754146337
 384  330 3702 85.181650 33.444184 0.015549145638942719 0.004896866157650948 15624 -0.8279791097714493 -0.15867796130358608 0.5378400304724593
 385  330 3712 85.179754 33.534336 0.015631724148988724 0.0024714411702007055 15606 -0.8270270800441345 -0.15832999619507848 0.5394050622477872
 386  421 3732 86.147355 33.725266 0.011216173879802227 0.004485229961574078 15583 -0.7690790931275147 -0.13937346014547264 0.6237727046939759
 387  420 3742 86.146307 33.815309 0.02223963476717472 0.0056942664086818695 15457 -0.7679946840802226 -0.1389995825209146 0.6251905959653667
 388  421 3752 86.145517 33.905723 0.03085744008421898 0.003350375220179558 15587 -0.7668710185151121 -0.13861580285631683 0.6266534131081497
 389  421 3762 86.144629 33.995853 0.03420555219054222 0.0033294386230409145 15577 -0.7658361788464589 -0.13824972171807431 0.627998377079694
 390  420 3772 86.143676 34.086148 0.03167574852705002 0.0032904972322285175 15575 -0.7647571639548125 -0.13787567721861646 0.6293939766245781
 391  421 3779 86.147118 34.149130 0.027005542069673538 0.0023795433808118105 6093 -0.7637611535049852 -0.1375392043692402 0.6306757230607587
 392  430 3613 86.262000 32.657666 0.013538366183638573 0.0034690280444920063 10565 -0.7754990952643412 -0.1418453143735698 0.6152081436672076
 393  431 3621 86.263690 32.733482 0.012270234525203705 0.0030656931921839714 15623 -0.7744871310342785 -0.14149468572579982 0.6165621929486511
 394  431 3631 86.262951 32.823709 0.02000194601714611 0.0024875991512089968 15621 -0.7733880154873763 -0.14111698619026225 0.6180266771823648
 395  431 3641 86.262195 32.913956 0.018195461481809616 0.002180097857490182 15602 -0.7723599257672121 -0.14075256524976967 0.6193939460831658
 396  391 3682 85.829685 33.271710 0.006809103302657604 0.0024372225161641836 15452 -0.7930381037289068 -0.14716330630643548 0.5911290276335768
 397  391 3692 85.828436 33.361765 0.0104404017329216 0.0034360906574875116 15593 -0.7920376419146458 -0.14680491693612577 0.5925577525892852
 398  391 3701 85.827217 33.451872 0.015620260499417782 0.003483510110527277 15472 -0.7910503097753903 -0.14644864703775867 0.5939631311664633
 399  390 3712 85.825950 33.542069 0.022116931155323982 0.004667059984058142 15553 -0.7900727006735625 -0.14609424681503289 0.5953499800100202
 400  391 3721 85.825963 33.631474 0.029603073373436928 0.009871834889054298 14652 -0.7889723057970901 -0.1457082483923298 0.5969018403688015
 401  391 3732 85.823911 33.723614 0.02734745293855667 0.007017222233116627 15082 -0.787945068573219 -0.14534628412833006 0.598345240309666
 402  391 3742 85.822586 33.812846 0.03312455490231514 0.0029478867072612047 15365 -0.7868497386188027 -0.14497140907899103 0.5998756365990985
 403  390 3752 85.820998 33.903057 0.030813291668891907 0.004162442404776812 15591 -0.7857076507145583 -0.14458770286652595 0.6014631192254358
 404  390 3762 85.819793 33.993206 0.026870230212807655 0.004053086973726749 15625 -0.7846288810867331 -0.14421317492112942 0.6029594340780721
 405  392 3771 85.830628 34.077658 0.024568825960159302 0.004284137859940529 11035 -0.7829778408998881 -0.14365011266437583 0.6052357770251704
 406  480 3622 86.795441 32.744038 0.011310837231576443 0.0028733061626553535 12573 -0.7430538632295705 -0.13190789935353514 0.656103088262621
 407  481 3631 86.797257 32.825722 0.01131998561322689 0.005041508469730616 15622 -0.741996421166789 -0.13154132256424567 0.6573721863858603
 408  481 3641 86.797222 32.915524 0.015200892463326454 0.003670003730803728 15431 -0.7410055042455651 -0.13118354094829296 0.6585603398793792
 409  482 3652 86.813587 33.015302 0.0005383957759477198 0.008654558099806309 8572 -0.7389158046412841 -0.13049338861301582 0.6610407772442
 410  478 3664 86.769606 33.119112 0.030955743044614792 0.03281586244702339 3834 -0.7400894913042917 -0.13080337838323644 0.6596650824960244
 411  483 3664 86.823162 33.119208 -0.10508500784635544 0.046104516834020615 3900 -0.7370650556697287 -0.12988541677122584 0.6632231013925439
 412  340 3651 85.297910 32.994701 -0.024091068655252457 0.004426088184118271 15594 -0.827309229893345 -0.15848507623682115 0.5389266357710382
 413  340 3661 85.296241 33.084949 -0.014556575566530228 0.005329378880560398 15624 -0.8262517241017127 -0.15811527900084293 0.5406548316305265
 414  340 3671 85.294477 33.175126 -0.003253402654081583 0.004992429167032242 15603 -0.8251433171230899 -0.15773608851079648 0.5424553738220482
 415  341 3681 85.293009 33.265059 0.007858632132411003 0.0034899271558970213 15464 -0.8239289251261076 -0.15733373025820616 0.5444145696650439
 416  341 3692 85.291256 33.355636 0.006677449215203524 0.004028200637549162 15533 -0.8228872378668844 -0.1569668022886878 0.5460934139275748
 417  320 3742 85.066040 33.803259 0.0015847021713852882 0.006855434738099575 15625 -0.8300427250662273 -0.15932562552979976 0.5344571260767036
 418  321 3751 85.064297 33.893148 0.01310420036315918 0.003918938804417849 15523 -0.8289795288423415 -0.1589533677076467 0.536215225123949
 419  323 3757 85.090834 33.942653 0.01240354310721159 0.0010056218598037958 697 -0.8268952029831483 -0.15822714317034087 0.5396373731012434
 420  335 3593 85.248884 32.469433 -0.007906287908554077 0.0023285432253032923 1194 -0.8365912431924221 -0.1617225399549793 0.5234127547970796
 421  334 3602 85.239634 32.548596 -0.020568938925862312 0.009385001845657825 3780 -0.8361290279036357 -0.16155356641236082 0.5242029128842839
 422  333 3612 85.228737 32.636305 -0.01765948347747326 0.0028227444272488356 6552 -0.8357075791655888 -0.16138971235235317 0.5249249497518821
 423  333 3622 85.218576 32.725040 -0.015456391498446465 0.002736534457653761 9071 -0.8351108103639115 -0.16118258060616697 0.5259373633071408
 424  332 3632 85.206428 32.815017 -0.02254038117825985 0.00421025650575757 12079 -0.834704447580387 -0.16102717606401362 0.5266295982551399
 425  331 3642 85.195347 32.904493 -0.01927691139280796 0.0030287185218185186 14817 -0.8342138926465706 -0.16084717939806276 0.5274612461547705
 426  330 3651 85.190954 32.993246 -0.014476746320724487 0.0048085893504321575 15625 -0.8333210457219198 -0.16053442049770736 0.5289657215665222
 427  330 3661 85.189078 33.083434 -0.02068694494664669 0.00535470899194479 15610 -0.8323479696206415 -0.1601826914764238 0.5306018873126673
 428  380 3662 85.724145 33.090161 -0.0009101040195673704 0.00334195070900023 15246 -0.8015119505082697 -0.1499461258668181 0.5788736930712618
 429  381 3672 85.724600 33.180395 0.004762114025652409 0.00430172448977828 15248 -0.8002665765144263 -0.14952653260740803 0.580702352811047
 430  381 3682 85.722270 33.270577 0.007233910262584686 0.0035530831664800644 15585 -0.7993099095238881 -0.14918405580589078 0.5821063356726317
 431  380 3692 85.720910 33.360709 0.007428956683725119 0.004514927510172129 15594 -0.7983033544852285 -0.1488244985988808 0.5835777778791986
 432  380 3701 85.719240 33.450714 0.014690014533698559 0.0037256297655403614 15414 -0.7972707448674105 -0.14846240506379352 0.585079715646713
 433  380 3712 85.718154 33.541090 0.024089576676487923 0.003225520020350814 15466 -0.7962978221751356 -0.14810656582976792 0.586493157297891
 434  380 3722 85.716813 33.631291 0.01819542981684208 0.0061095766723155975 15585 -0.7952784359295669 -0.14774399448934913 0.5879659186022204
 435  380 3732 85.715551 33.721539 0.009212040342390537 0.007347472943365574 15616 -0.7942282715625191 -0.14737457531360976 0.5894761973158431
 436  380 3742 85.714132 33.811679 0.013773036189377308 0.008938640356063843 15564 -0.7931385902183887 -0.1469988974538263 0.5910351096624856
 437  380 3752 85.712870 33.901919 0.02286701835691929 0.0051104407757520676 15623 -0.7919785397491979 -0.1466083224008856 0.5926854075979316
 438  381 3762 85.711628 33.992019 0.030680036172270775 0.0026700347661972046 15587 -0.7908840846462671 -0.14623038569869884 0.5942382005152865
 439  383 3767 85.734860 34.041683 0.027263717725872993 0.002076348988339305 909 -0.7889449538691965 -0.1455839205606951 0.5969683256576589
 440  400 3602 85.943682 32.557080 0.007800128310918808 0.005449032410979271 13366 -0.7954891190720554 -0.14817043962857793 0.5875734696684656
 441  401 3611 85.944512 32.640973 0.0114705516025424 0.00295819528400898 15619 -0.7943520678834207 -0.1477837520629244 0.5892068863103498
 442  401 3621 85.943464 32.731193 0.013494190759956837 0.004177106078714132 15623 -0.7932417543285993 -0.14740379763669564 0.5907957681229327
 443  531 3722 87.334633 33.637580 0.047920018434524536 0.003989769145846367 15583 -0.7012880012496777 -0.11904661255244439 0.7028677281985709
 444  531 3732 87.335033 33.727745 0.05947813391685486 0.0067919231951236725 15624 -0.7001868075898268 -0.11867061504584366 0.704028209379289
 445  531 3742 87.335386 33.817967 0.05664491653442383 0.00700027123093605 15625 -0.699110806072762 -0.11829925792400878 0.7051591071573292
 446  531 3752 87.335740 33.908187 0.025727638974785805 0.012784581631422043 15623 -0.69811076714974 -0.1179410277146514 0.7062090843165453
 447  531 3762 87.336155 33.998447 0.007940267212688923 0.004515642300248146 15600 -0.6971599154425238 -0.117590778415459 0.7072060952309586
 448  531 3772 87.336454 34.088633 0.016063855960965157 0.00299256294965744 15622 -0.6960531901564093 -0.1172147363350713 0.7083577218178575
 449  531 3781 87.337395 34.178196 0.01707698404788971 0.003176938509568572 15393 -0.6950118999929721 -0.11684695091705488 0.7094400953777185
 450  534 3787 87.370357 34.226844 0.013661972247064114 0.0007753552636131644 446 -0.6926598963863223 -0.11612412331029442 0.7118549402255382
 451  537 3616 87.402508 32.687211 0.014113686978816986 0.0007835070719011128 351 -0.7081249092696997 -0.12170088915174194 0.6955199540282472
 452  540 3622 87.436854 32.735779 0.007665647193789482 0.0029272953979671 15180 -0.7056452476549472 -0.12094551870983879 0.6981668611198875
 453  541 3631 87.438062 32.825130 -0.0012973101111128926 0.0026680969167500734 15451 -0.7045918258608078 -0.12057488394169605 0.6992939698671651
 454  541 3641 87.438548 32.915362 -0.0010701194405555725 0.002130428096279502 15467 -0.7035809415630162 -0.1202145871161867 0.7003729804281318
 455  541 3651 87.438985 33.005608 0.0020708537194877863 0.0046742986887693405 15479 -0.7024791316524747 -0.11983883212439272 0.701542389245188
 456  541 3662 87.439866 33.096195 -0.003985220566391945 0.003939450718462467 15316 -0.7014344272713106 -0.11946942504033477 0.7026498421825059
 457  541 3671 87.439839 33.186038 0.0006837444379925728 0.0033124564215540886 15495 -0.7003803838076476 -0.11910588265957377 0.703762109447032
 458  501 3651 87.011056 33.006374 0.00015858255210332572 0.003164982656016946 15602 -0.7273267954309766 -0.12707436895435326 0.6744240783090111
 459  501 3662 87.011442 33.096984 -0.014833717606961727 0.004436661023646593 15233 -0.7263079398576833 -0.12670872904706074 0.67558987150709
 460  501 3672 87.011075 33.186843 -0.018133295699954033 0.004722322802990675 15601 -0.725044331396276 -0.12630603436771964 0.6770210507749574
 461  501 3682 87.011068 33.277116 -0.006219095550477505 0.0072199380956590176 15588 -0.7240639309934038 -0.12595066978463354 0.6781355709702754
 462  501 3691 87.011424 33.367146 0.01571967639029026 0.005393028724938631 15391 -0.723134585396776 -0.12560234372066512 0.6791910060173859
 463  501 3702 87.012465 33.457683 0.025443047285079956 0.004066913854330778 14702 -0.7219913129093022 -0.12521023665506092 0.68047846455291
 464  501 3712 87.012235 33.548065 0.026374438777565956 0.003318947507068515 15134 -0.7209230556924173 -0.12484048383310611 0.6816779308202838
 465  501 3722 87.011150 33.637988 0.025111252442002296 0.001984436996281147 15598 -0.7198858599326867 -0.12448296692783191 0.6828384432747034
 466  501 3732 87.011122 33.728204 0.017002606764435768 0.004079763311892748 15621 -0.7188334765204183 -0.12411504283439208 0.6840130767578836
 467  501 3740 87.021516 33.805637 0.009332929737865925 0.00356048671528697 9495 -0.7174076325583916 -0.12363578304751366 0.6855949838623325
 468  500 3752 87.004565 33.916191 0.010808469727635384 0.005074448883533478 11799 -0.7170916904405846 -0.12347231540752016 0.6859548781289995
 469  500 3762 87.010773 33.998664 0.009992730803787708 0.004028286784887314 15437 -0.7157683399015771 -0.12302957900014114 0.6874150175007733
 470  560 3641 87.651740 32.914201 0.0019908214453607798 0.0035412879660725594 15476 -0.6912865858134755 -0.11670575632400425 0.7130936984122007
 471  560 3651 87.652642 33.004635 0.0035027421545237303 0.0022215694189071655 15507 -0.6901902986854163 -0.11632976914678567 0.7142161692448522
 472  560 3661 87.651529 33.094544 0.00290508521720767 0.0027813082560896873 14742 -0.6893307461534959 -0.1160084365534107 0.7150980108040421
 473  560 3672 87.654090 33.185196 0.008353041484951973 0.003404160961508751 15575 -0.6881914601254642 -0.11561415805784672 0.7162582499817765
 474  400 3631 85.942354 32.821427 0.01787233166396618 0.004618345759809017 15607 -0.7921674668359734 -0.14703114516164023 0.5923280736544011
 475  401 3641 85.941330 32.911618 0.016155708581209183 0.005655902903527021 15613 -0.7910942355967375 -0.1466580656576119 0.5938529465980457
 476  401 3651 85.940263 33.001812 0.00844869390130043 0.005650212522596121 15534 -0.7900843182878852 -0.14629732364429313 0.5952846907909566
 477  401 3661 85.942531 33.090927 0.004357465542852879 0.00838781613856554 14462 -0.7887703655953159 -0.14585561849482978 0.5971326895356863
 478  400 3672 85.937956 33.182466 0.00225556711666286 0.0053261700086295605 15033 -0.7878555435417999 -0.1455363515586802 0.5984169222920116
 479  401 3682 85.936988 33.272505 0.005490225274115801 0.002142681973055005 15618 -0.7867570684941834 -0.14515790533380094 0.5999520794976398
 480  400 3692 85.935831 33.362706 0.00811406597495079 0.0033957893028855324 15594 -0.7857695761161969 -0.1448017843095223 0.6013307047797831
 481  401 3702 85.935016 33.452939 0.011258442886173725 0.003638884983956814 15224 -0.7847713102313244 -0.14444082979868195 0.6027195345472706
 482  400 3711 85.933575 33.543030 0.015788082033395767 0.0061204019002616405 15016 -0.7837568787003095 -0.14408162567297303 0.6041238616652893
 483  401 3722 85.932598 33.633412 0.028271809220314026 0.005163390655070543 15404 -0.7827099415907732 -0.14371206642450068 0.6055674935950314
 484  400 3732 85.931407 33.723558 0.030086345970630646 0.004853034857660532 15477 -0.7817037206813752 -0.14335230497416507 0.6069509121267457
 485  401 3742 85.930466 33.813835 0.03147055208683014 0.0031586603727191687 15565 -0.7805781464055646 -0.14296766818370887 0.6084882934027294
 486  401 3752 85.929238 33.904005 0.033378250896930695 0.00237895711325109 15609 -0.7794247457168488 -0.14258009075330985 0.6100557216230362
 487  401 3762 85.928081 33.994198 0.02723456360399723 0.0037797947879880667 15625 -0.7783818635899351 -0.14221279733043846 0.6114713359673625
 488  531 3702 87.333994 33.457078 0.021531708538532257 0.00794982723891735 15592 -0.7034177813799729 -0.11978546749499132 0.7006103529177135
 489  531 3712 87.334118 33.547302 0.0398411825299263 0.004006821662187576 15357 -0.702361242468085 -0.11941888025973965 0.7017320116085614
