Number xind yind east north data err wgt Elos Nlos Ulos
********************************************************
   0  593 3621 88.002940 32.731776 -0.009416851215064526 0.0026900735683739185 15520 0.7818420160301119 -0.1438086399337884 0.6066647649652683
   1  593 3632 88.004022 32.822261 -0.0024511220399290323 0.003836879273876548 15535 0.7808110917308304 -0.14344496936477685 0.6080769521977026
   2  593 3642 88.004953 32.912356 -0.008124439977109432 0.004665092099457979 15620 0.7796131002493081 -0.14304921160158116 0.609705122973252
   3  593 3652 88.006015 33.002460 -0.011438294313848019 0.0034440092276781797 15544 0.7786096452761974 -0.1426911718552672 0.6110697585034337
   4  593 3662 88.007079 33.092869 -0.0025349087081849575 0.0034684245474636555 15353 0.777632941206899 -0.14233751243910847 0.6123945144288561
   5  593 3671 88.007766 33.182642 -0.0033934132661670446 0.0022026593796908855 15104 0.7765600560733574 -0.14196407555057264 0.6138409244783336
   6  594 3682 88.011388 33.274989 -0.006910094525665045 0.0019397272262722254 14271 0.7755219467113247 -0.14161353061408857 0.6152327349191442
   7  594 3692 88.010744 33.363208 -0.011612375266849995 0.0017121069831773639 15341 0.7743031487439606 -0.14120582799668732 0.6168594231953973
   8  594 3702 88.012757 33.455075 -0.012752985581755638 0.0014967964962124825 14722 0.7732713785823179 -0.14084554306763358 0.618234508955449
   9  593 3711 88.012198 33.543148 -0.014317045919597149 0.0016492541180923581 15167 0.7721950307291725 -0.14046545479963293 0.6196646597354932
  10  593 3721 88.013248 33.633376 -0.01611115224659443 0.0019207639852538705 15611 0.7710550981344689 -0.14008094674703234 0.6211693521088267
  11  593 3731 88.014330 33.723652 -0.023004965856671333 0.002338398713618517 15569 0.7699664051585305 -0.13970613771650045 0.6226025457798804
  12  593 3741 88.015379 33.813789 -0.02618805132806301 0.0026852786540985107 15622 0.768946875246767 -0.1393442589214904 0.6239422093061615
  13  593 3751 88.015467 33.904081 -0.02784934639930725 0.004781776573508978 14762 0.7679263580586451 -0.13897475085863514 0.6252800390405615
  14  593 3761 88.017066 33.991637 -0.02854127436876297 0.0024782451801002026 14319 0.7669523782219826 -0.13863038315177273 0.6265506096133316
  15  583 3612 87.895279 32.642477 -0.01514346245676279 0.0018880737479776144 15622 0.7765409098170785 -0.14219954931119277 0.6138106414491017
  16  583 3622 87.896146 32.732641 -0.011027362197637558 0.0015728500438854098 15577 0.7755887511803827 -0.1418506191875814 0.6150938878566051
  17  673 3652 88.862306 32.992736 -0.0016331981169059873 0.0016539598582312465 15623 0.8283405211561892 -0.15885388575395595 0.5372312574595431
  18  673 3662 88.864239 33.082904 -0.002270255470648408 0.0026558355893939734 15614 0.8273052325766097 -0.15849079393607082 0.5389310905754795
  19  673 3672 88.865714 33.173331 -0.0009332397603429854 0.0018689444987103343 15476 0.8262581692034198 -0.15812116424793268 0.5406432606085932
  20  673 3682 88.868012 33.263268 -0.0031422460451722145 0.0010379032464697957 15602 0.825212399562009 -0.1577590131065762 0.5423436082344386
  21  673 3692 88.869955 33.353514 -0.004362982697784901 0.0014215477276593447 15585 0.8241785175168861 -0.15739574547802326 0.5440187042456217
  22  673 3702 88.871839 33.443307 -0.003366665216162801 0.0012496995041146874 15485 0.823134980372693 -0.15703081156485116 0.5457015011030579
  23  673 3711 88.873815 33.533116 -0.003929735627025366 0.0014346641255542636 15625 0.8220693291018107 -0.15666204695072644 0.5474111993696394
  24  673 3721 88.875766 33.623295 -0.004459344316273928 0.0016927809920161963 15625 0.8210525100541639 -0.15630199649058069 0.5490377597459174
  25  673 3731 88.877727 33.713473 -0.008451214991509914 0.0029335389845073223 15624 0.8199729607782831 -0.15592941095680263 0.5507543575780048
  26  673 3738 88.874818 33.775041 -0.006882950197905302 0.0015174224972724915 5585 0.819052909222234 -0.15560524069547313 0.5522131300165715
  27  679 3604 88.911909 32.560852 0.004693151451647282 0.0013342620804905891 976 0.8366341153296897 -0.16172289355481737 0.5233441150588823
  28  680 3612 88.920963 32.636236 0.003401382826268673 0.0018545550992712379 3592 0.8361803642873408 -0.1615611247735013 0.5241186901286875
  29  593 3612 88.001916 32.641675 -0.0129438117146492 0.0024011076893657446 15625 0.7827766252777691 -0.14415357593509895 0.6053763304456745
  30  474 3742 86.719631 33.818337 -0.03853149339556694 0.0011057022493332624 15018 0.6942879191816776 -0.11691019881854557 0.7101382194267426
  31  474 3751 86.725933 33.904804 -0.037759121507406235 0.0016415283316746354 11894 0.6937085786980248 -0.11667671854290118 0.7107425350932832
  32  474 3761 86.718830 33.998033 -0.0420779213309288 0.0027773224283009768 15470 0.692217646498439 -0.11618441394350225 0.7122751658121791
  33  474 3771 86.718425 34.088275 -0.04376395046710968 0.0012341468827798963 15438 0.6910909617768286 -0.11580510712739671 0.713430066449116
  34  473 3778 86.713344 34.147827 -0.04454544186592102 0.001771538401953876 4874 0.6900207501312491 -0.11546717346481634 0.7145199061190348
  35  486 3606 86.854096 32.595580 -0.045573826879262924 0.0019264359725639224 815 0.7158842145068764 -0.12402288276814304 0.6871157951682904
  36  484 3612 86.829572 32.647719 -0.04614391550421715 0.001733536715619266 14289 0.7139056053629711 -0.12340793508071186 0.6892817045232266
  37  484 3622 86.829413 32.735791 -0.042778968811035156 0.0017458114307373762 15528 0.7128555280168961 -0.12304615514979787 0.6904322123703414
  38  483 3632 86.828512 32.826046 -0.04092209041118622 0.0022950717248022556 14974 0.711809459369275 -0.12267582800895505 0.6915764128241634
  39  493 3621 86.934570 32.735128 -0.041973721235990524 0.0025260455440729856 13919 0.7190666114968692 -0.1248427864723111 0.683635492712483
  40  494 3632 86.936948 32.826085 -0.040106743574142456 0.0013995709596201777 14027 0.7180726378443419 -0.12450110373562846 0.6847416753403277
  41  494 3642 86.936110 32.916599 -0.03456050530076027 0.0021382030099630356 15185 0.7169788795822251 -0.12412122668378482 0.6859556890350349
  42  494 3652 86.936113 33.006768 -0.031366977840662 0.00401069363579154 15202 0.7160256006526177 -0.12377246164306602 0.6870136220984806
  43  491 3664 86.909619 33.119541 -0.1112886443734169 0.042825303971767426 3387 0.7132128198082182 -0.12287337436390028 0.690093912111706
  44  445 3692 86.417882 33.365941 -0.06079709529876709 0.0033610472455620766 8534 0.6820381535408625 -0.11376884994072897 0.7224130438313907
  45  446 3701 86.427083 33.453776 -0.057724110782146454 0.0023233662359416485 6040 0.6816068091154388 -0.11357691174976516 0.7228502216122341
  46  447 3711 86.435815 33.542700 -0.05722208321094513 0.0013430715771391988 3266 0.6811945748578948 -0.11338296679413679 0.7232691435593886
  47  448 3720 86.443951 33.622540 -0.055406372994184494 0.0005620235460810363 1290 0.6808215695759687 -0.11321023929952559 0.7236473119675485
  48  625 3576 88.337151 32.317863 -0.0003093288978561759 0.001191425952129066 1182 0.8065788192916706 -0.15182466526749439 0.5712966648655212
  49  623 3581 88.317855 32.368072 -0.0022327604237943888 0.0017635718686506152 15620 0.8047864922054647 -0.15123634863340915 0.5739741011715229
  50  623 3592 88.319151 32.458278 -0.0024874238297343254 0.0018217406468465924 15625 0.803711532651501 -0.1508647011354066 0.5755758978921022
  51  623 3602 88.320469 32.548497 -0.0008649709052406251 0.0014781916979700327 15625 0.8026818319884914 -0.150501891430908 0.5771057591735836
  52  623 3612 88.321793 32.638714 -0.0006810810882598162 0.0017639144789427519 15625 0.8016188052076458 -0.1501325156554008 0.5786773875662045
  53  623 3622 88.323121 32.728925 -0.002272621961310506 0.002276789164170623 15622 0.8005378880462432 -0.1497595960506516 0.580268173513942
  54  623 3632 88.324464 32.819160 -0.0018184934742748737 0.0037885012570768595 15601 0.7995213796922872 -0.14939912680674008 0.5817606589692408
  55  623 3642 88.325838 32.909334 -0.00152972259093076 0.005500046070665121 15554 0.7985700177174628 -0.1490515103136578 0.5831548457107673
  56  623 3652 88.327153 32.999575 -0.007273547817021608 0.005177299492061138 15622 0.7974062500327715 -0.14866209646242953 0.5848442984966755
  57  623 3662 88.328497 33.089767 -0.009613936766982079 0.004928365349769592 15613 0.796379737087418 -0.14829943117485445 0.5863331758222363
  58  683 3652 88.964782 32.992747 -0.003668762743473053 0.0015559819294139743 14237 0.8341040583484703 -0.160817295250496 0.5276440252622275
  59  683 3662 88.971325 33.081273 -0.004047543741762638 0.0015735652996227145 15625 0.8333432490101891 -0.1605485266842887 0.5289264598303306
  60  683 3672 88.971869 33.174234 -0.0022121018264442682 0.0038400038611143827 12862 0.832250811674824 -0.16015699122984012 0.5307620225928017
  61  683 3682 88.975337 33.261605 -0.0044712526723742485 0.0011774898739531636 15614 0.8313153378819322 -0.15983043697184138 0.5323241873329064
  62  683 3692 88.977147 33.352064 -0.005282201338559389 0.001347546698525548 15512 0.8302524625535269 -0.15945920630704724 0.5340913872622651
  63  684 3702 88.979521 33.441633 -0.005170566029846668 0.0012685913825407624 15472 0.8292007216166385 -0.15909621985236197 0.5358307158974136
  64  683 3711 88.981485 33.531442 -0.003659147070720792 0.0013867238303646445 15624 0.828152758252627 -0.15873020992632722 0.5375571871487814
  65  683 3721 88.983547 33.621612 -0.0038656864780932665 0.0013925941893830895 15625 0.8271121964027359 -0.1583656236616618 0.5392640761297706
  66  683 3731 88.985618 33.711784 -0.0076604122295975685 0.002425479469820857 15625 0.8260260267812813 -0.1579918508082026 0.5410356533151289
  67  683 3737 88.978794 33.766078 -0.008398184552788734 0.002057223580777645 2948 0.824954497845103 -0.15761916927650624 0.5427764493432983
  68  663 3672 88.758921 33.174680 -0.0044912733137607574 0.0039033000357449055 15610 0.8200902892726735 -0.15605747843263976 0.5505433505782344
  69  663 3682 88.760695 33.264850 -0.006803693249821663 0.0025909466203302145 15622 0.8189837182042268 -0.15567939399241867 0.5522948448089416
  70  664 3692 88.762673 33.355131 -0.011450929567217827 0.004746064078062773 15528 0.8179430379542424 -0.15531563855430316 0.5539370353051454
  71  664 3701 88.764806 33.444731 -0.007315341848880053 0.006834612227976322 15285 0.8170437483151848 -0.1549822981644304 0.5553557423802734
  72  664 3711 88.766295 33.534715 -0.005199843551963568 0.0037971967831254005 15575 0.8159462528291004 -0.15460381743379054 0.557072142661118
  73  458 3779 86.548579 34.156242 -0.04653837904334068 0.001258624717593193 1061 0.6807430548041353 -0.11278972711830337 0.7237868268989928
  74  463 3613 86.615917 32.656140 -0.04832727089524269 0.0027522966265678406 9666 0.7015108040682168 -0.11982189809584501 0.7025135617995379
  75  464 3622 86.616369 32.736010 -0.04558933526277542 0.0021508019417524338 14980 0.7005650126743236 -0.11950065427194273 0.7035113763438389
  76  463 3631 86.607553 32.819159 -0.045438241213560104 0.002843522699549794 12276 0.6992113962838551 -0.1190418649101412 0.7049343641116508
  77  463 3642 86.609795 32.919634 -0.04690757393836975 0.0025995357427746058 13471 0.6982316857101376 -0.11868509029161894 0.7059648450261881
  78  463 3652 86.614376 33.006525 -0.04834072291851044 0.002384055871516466 15391 0.6973474605044437 -0.11838734249153879 0.7068882206302453
  79  464 3662 86.614375 33.096271 -0.059876590967178345 0.00595232704654336 15616 0.6961337471514748 -0.11799707758176033 0.7081486395941254
  80  463 3671 86.609772 33.183761 -0.0680602416396141 0.0035130903124809265 13402 0.6949784416309555 -0.11759157027516255 0.7093498348970204
  81  614 3582 88.213296 32.373399 -0.0031454735435545444 0.002086162567138672 14095 0.7985882449274669 -0.14924893308934362 0.58307938656358
  82  613 3592 88.212744 32.459348 -0.0008692228002473712 0.0022270071785897017 15625 0.7975110586997769 -0.14887203526118786 0.5846479525053968
  83  613 3602 88.213955 32.549571 -0.0025510829873383045 0.0020910294260829687 15625 0.796448803168461 -0.14850276643692925 0.5861878813930776
  84  613 3612 88.215174 32.639792 -0.00108975893817842 0.002149697160348296 15624 0.7953893261660913 -0.14813397643996518 0.5877177424964599
  85  613 3622 88.216491 32.729993 -0.00031249714083969593 0.002310981508344412 15563 0.7943564719691267 -0.14777096833110254 0.5892041550763626
  86  613 3632 88.217688 32.820201 0.0005943508585914969 0.0025820808950811625 15561 0.793388343016187 -0.14741941428602012 0.5905949995196336
  87  614 3642 88.221459 32.915346 -0.0027747806161642075 0.010597852058708668 12907 0.7924366040321837 -0.14708039122919048 0.5919557306976665
  88  613 3652 88.220096 33.000664 -0.00651787593960762 0.004846478346735239 15625 0.7911439283693878 -0.1466567384862237 0.5937870709781716
  89  613 3662 88.221401 33.090794 -0.011154340580105782 0.0037886835634708405 15589 0.7901437351823469 -0.14629962590505685 0.595205256371388
  90  614 3672 88.223391 33.181389 -0.0023231161758303642 0.0033195277210325003 15244 0.7891421333874686 -0.14594631123720797 0.596619114300679
  91  614 3682 88.225183 33.271157 -0.008619243279099464 0.0017263565678149462 15098 0.7880198863420801 -0.14556994614325983 0.5981923181630332
  92  613 3692 88.225175 33.361560 -0.010430254973471165 0.001985720591619611 15586 0.7868319984211344 -0.1451664111363052 0.5998517477997453
  93  613 3701 88.226372 33.451360 -0.009108241647481918 0.0016842613695189357 15498 0.7857845243416535 -0.1447997543591542 0.6013116599922956
  94  613 3711 88.227638 33.541209 -0.010606033727526665 0.001338399131782353 15625 0.7847664692493331 -0.14443903245932163 0.6027262684205413
  95  613 3721 88.228917 33.631416 -0.014286176301538944 0.0021956837736070156 15625 0.7836917209798993 -0.14406681771778188 0.6042119152253081
  96  613 3731 88.230197 33.721585 -0.015795936807990074 0.0025606153067201376 15610 0.7826652522745526 -0.14370380188406678 0.6056272122403976
  97  613 3741 88.230381 33.811119 -0.016408337280154228 0.00231563369743526 15276 0.7815973277246768 -0.1433258677316212 0.6070941549155469
  98  613 3752 88.229834 33.903086 -0.017923837527632713 0.002379756420850754 14489 0.7804006408183972 -0.14291320732154858 0.6087287203535766
  99  613 3760 88.231340 33.974813 -0.02133052982389927 0.0022650263272225857 9522 0.7795732895481542 -0.14262589691613178 0.6098551793269766
 100  680 3622 88.931073 32.724107 0.001181244384497404 0.001135059050284326 6067 0.8356059514120752 -0.1613597841571441 0.5250959093551201
 101  681 3632 88.940435 32.813109 -0.002094842726364732 0.00120294198859483 8278 0.8349707576741257 -0.16113809931738418 0.5261733048886814
 102  682 3642 88.952517 32.903312 -0.002834759885445237 0.0017025443958118558 11205 0.8345269391685356 -0.16097418494024324 0.5269270344030753
 103  543 3751 87.475933 33.907279 -0.029338017106056213 0.0026734007988125086 15499 0.7365639345484671 -0.12933163698254685 0.663887714902073
 104  543 3761 87.476156 33.997539 -0.026314955204725266 0.0015329137677326798 15374 0.735532482547551 -0.12896559477571518 0.6651013775971168
 105  543 3770 87.474969 34.078291 -0.025739558041095734 0.0017908344743773341 12207 0.7344773249480766 -0.128604552404354 0.6663361976044775
 106  554 3603 87.577339 32.570924 -0.021764077246189117 0.0013254890218377113 9737 0.7587025810802156 -0.13674482652971687 0.6369232652993423
 107  553 3612 87.575303 32.644298 -0.02165517397224903 0.003861338132992387 15602 0.7577027361619657 -0.13640160879602478 0.6381858387104238
 108  553 3622 87.575749 32.734764 -0.022286245599389076 0.004130640532821417 15383 0.7566241575416942 -0.13602767423114848 0.6395438656320503
 109  553 3632 87.576472 32.824840 -0.0254769679158926 0.002320101484656334 15574 0.7555279857532538 -0.135653135887267 0.6409178492346596
 110  553 3642 87.577016 32.915091 -0.0207362063229084 0.002409331500530243 15500 0.7545215528505739 -0.1352935250972592 0.6421782372135605
 111  553 3652 87.577657 33.005186 -0.01878289319574833 0.0028352485969662666 15456 0.7534162924902789 -0.13491663532903708 0.6435537209291035
 112  553 3661 87.578264 33.094932 -0.01661781035363674 0.002429706510156393 14898 0.7524047923575506 -0.13455742323589834 0.6448110795337704
 113  553 3672 87.578573 33.186225 -0.015660718083381653 0.0018011799547821283 15358 0.7513264141127552 -0.134180692116851 0.6461456192836963
 114  553 3682 87.579477 33.276046 -0.016888322308659554 0.0019043427892029285 15568 0.7502040358530359 -0.1338030036280643 0.6475265715087877
 115  553 3692 87.580062 33.366209 -0.018907539546489716 0.0034804251044988632 15623 0.7490060093643843 -0.13340852714562434 0.6489931916598779
 116  689 3663 89.030496 33.093716 -0.004119283519685268 0.0010188117157667875 1213 0.8365432907389063 -0.16163923935178376 0.5235151182358522
 117  690 3672 89.040866 33.174336 -0.0014707999071106315 0.006421281956136227 3314 0.8361255839463569 -0.16148508555856866 0.5242295060491211
 118  434 3615 86.306576 32.678877 -0.06465025991201401 0.004077645484358072 3035 0.6832764788959894 -0.11465462488562275 0.7211016366503654
 119  434 3621 86.306245 32.732223 -0.06336518377065659 0.0030958529096096754 12444 0.6827424905802583 -0.1144544329574635 0.7216390194083545
 120  435 3631 86.314406 32.821642 -0.06269323825836182 0.004228685982525349 9612 0.6821828395014291 -0.11423112206473321 0.7222034507267321
 121  436 3641 86.323804 32.912191 -0.06781601905822754 0.0020299481693655252 6399 0.6817981652726455 -0.11404310227118945 0.7225963137570088
 122  437 3651 86.331842 32.999699 -0.06547636538743973 0.0021842431742697954 3184 0.681328518562107 -0.11383806046897296 0.7230714665803285
 123  438 3660 86.338559 33.081167 -0.0615091435611248 0.0008398604113608599 1306 0.6807399526754336 -0.11361655518147873 0.723660414296749
 124  454 3614 86.509818 32.665691 -0.04991237074136734 0.001394858118146658 8070 0.6952605850934225 -0.11803402712574934 0.7089997794470951
 125  454 3622 86.509203 32.735784 -0.05175730213522911 0.0032760503236204386 14436 0.6944636627190571 -0.11775211340433683 0.7098272049954438
 126  454 3632 86.508601 32.825344 -0.05205167829990387 0.004016644321382046 15505 0.6933489837088773 -0.117376363878612 0.7109781825010544
 127  454 3641 86.508136 32.914509 -0.053754791617393494 0.0034519496839493513 14946 0.6922882938264976 -0.1170116880099836 0.7120710520024327
 128  454 3651 86.512158 33.004199 -0.055284131318330765 0.0029782713390886784 11508 0.6914627505668837 -0.11671530609004327 0.7129213153657191
 129  455 3662 86.518038 33.096165 -0.05780649185180664 0.0022611713502556086 11208 0.6905998474173329 -0.11641983334602883 0.7138054869156158
 130  454 3671 86.510773 33.185016 -0.060721542686223984 0.003708100877702236 13070 0.6892770428252787 -0.11596711996788538 0.7151564761088255
 131  453 3682 86.504916 33.278373 -0.060228489339351654 0.0024792426265776157 12179 0.6880110150893017 -0.11552432742934675 0.7164460711650149
 132  453 3692 86.503519 33.367050 -0.05532696470618248 0.002602887572720647 13223 0.6868828209249751 -0.11514337637519684 0.7175890141265182
 133  523 3642 87.256461 32.916398 -0.022614091634750366 0.002578524872660637 14819 0.7357914041876222 -0.12964946102761735 0.6646818989402792
 134  524 3652 87.257425 33.006562 -0.02054275944828987 0.0011998655973002315 15472 0.7346926770569153 -0.1292785774343619 0.6659682572731908
 135  524 3662 87.257548 33.096630 -0.01870008371770382 0.0015457725385203958 15598 0.7335276188336389 -0.12889018922148165 0.6673264205249949
 136  524 3671 87.258794 33.186073 -0.01675860397517681 0.0029551279731094837 15285 0.7325465278870088 -0.12854385758306683 0.668469940355101
 137  525 3682 87.268981 33.277131 -0.019042257219552994 0.003947687800973654 12166 0.7321776457623134 -0.12836555338546446 0.6689081997927666
 138  524 3692 87.258100 33.367156 -0.02178739383816719 0.0025886227376759052 13963 0.7304846807468929 -0.1278069475324701 0.6708632612958787
 139  524 3702 87.258713 33.457262 -0.024565214291214943 0.0029326363001018763 15416 0.7293963427050778 -0.12743566698935302 0.6721168990788994
 140  524 3711 87.258709 33.546996 -0.02425868809223175 0.003231343114748597 15403 0.7282536202390326 -0.12705117216186562 0.6734275493778368
 141  524 3722 87.259878 33.637604 -0.022864961996674538 0.0017045706044882536 14509 0.7273312675701733 -0.12671239062605133 0.6744873588708656
 142  524 3731 87.259396 33.727559 -0.025666601955890656 0.0018471808871254325 15569 0.7261864314140294 -0.12632380257053202 0.6757925448939774
 143  524 3741 87.264778 33.814569 -0.025504721328616142 0.0026808413676917553 11534 0.7254739633682742 -0.1260586933885134 0.6766067796703702
 144  524 3752 87.262546 33.910200 -0.024349721148610115 0.002294291742146015 13700 0.7242654887587815 -0.12563522008390293 0.6779788295127455
 145  544 3721 87.474905 33.636202 -0.018038854002952576 0.0027522083837538958 14787 0.739792938544563 -0.13045201310225615 0.6600671786698451
 146  543 3731 87.474578 33.727011 -0.022837014868855476 0.0024638541508466005 15130 0.7386184144533413 -0.13005520080175625 0.6614593582185129
 147  543 3741 87.475433 33.817147 -0.027607431635260582 0.0012725837295874953 15459 0.7375487378104049 -0.12968702052610756 0.6627240270741205
 148  574 3651 87.792915 33.002166 -0.01054411381483078 0.0027655563317239285 14431 0.7661678956327477 -0.13881414982359236 0.6274690331087587
 149  574 3662 87.796507 33.100797 -0.00774607015773654 0.002261510817334056 9666 0.7652046179171054 -0.13846633439340575 0.6287201022378642
 150  573 3672 87.793526 33.185353 -0.008987722918391228 0.0019113848684355617 14789 0.7639627480316767 -0.13804692876199315 0.6303205256687029
 151  574 3681 87.794636 33.274445 -0.010263409465551376 0.0014234413392841816 15225 0.7628891333491532 -0.13767936600954964 0.6316997406940946
 152  573 3692 87.795253 33.365186 -0.01237141340970993 0.002095065778121352 15520 0.7616858177691992 -0.1372808863597585 0.6332366644861503
 153  573 3701 87.795905 33.454872 -0.016565421596169472 0.0018484260654076934 15498 0.7605506846532853 -0.13689740958935973 0.6346824050823703
 154  574 3711 87.797095 33.544250 -0.0209759920835495 0.0018291835440322757 15354 0.7595959719470516 -0.13655178867916684 0.6358990237532481
 155  573 3721 87.797604 33.635175 -0.021528376266360283 0.001712465425953269 15182 0.7585944832049715 -0.1361894455352677 0.6371709699725643
 156  573 3731 87.798418 33.725145 -0.02246241085231304 0.0016760543221607804 15610 0.7574959363747445 -0.13581324528912797 0.638556707567765
 157  573 3741 87.799241 33.815396 -0.02733052894473076 0.0028746025636792183 15617 0.756347025566596 -0.13542722962296144 0.6399989393688185
 158  573 3751 87.800087 33.905581 -0.031617697328329086 0.002868433715775609 15618 0.7553590216091208 -0.13507113015671393 0.6412398445760368
 159  573 3761 87.800885 33.995787 -0.025433547794818878 0.003268592292442918 15605 0.7543542875433831 -0.13471151047777405 0.6424970177438268
 160  573 3768 87.796640 34.053888 -0.023387299850583076 0.0021867353934794664 4333 0.7534557123752769 -0.1343992050602415 0.6436158350819527
 161  584 3596 87.904669 32.499857 -0.01304652076214552 0.0026863268576562405 2219 0.778772130050881 -0.14296576762341026 0.610798460004495
 162  583 3602 87.894369 32.552262 -0.016804516315460205 0.0023091258481144905 15619 0.7774858663377666 -0.1425467824599603 0.6125325644039877
 163  691 3682 89.051460 33.262318 -0.00474061444401741 0.001417076331563294 6289 0.8355911494208493 -0.16129507026646842 0.525139344666993
 164  691 3692 89.062359 33.353734 -0.0044485172256827354 0.0015919021097943187 8689 0.8350151795099847 -0.16109245720048163 0.5261167838237238
 165  692 3702 89.072175 33.441623 -0.004257918335497379 0.0015001455321907997 11181 0.8343935998603128 -0.16087851157728736 0.5271673595973339
 166  693 3712 89.082863 33.531096 -0.0046265702694654465 0.0010990131413564086 13757 0.833862160519267 -0.16068669219643233 0.5280659847075071
 167  693 3721 89.090997 33.620076 -0.0036508962512016296 0.0010188004234805703 15526 0.8331183676572946 -0.16043229679712176 0.5293158448567783
 168  693 3731 89.093012 33.709448 -0.005801968742161989 0.0023603858426213264 15424 0.8320475890902825 -0.16006194591670347 0.5311092005966442
 169  691 3737 89.063689 33.758698 -0.009724978357553482 0.010617970488965511 467 0.8297195037688202 -0.15926399909934896 0.5349771244235638
 170  474 3662 86.721687 33.096417 -0.061086688190698624 0.007301155012100935 15468 0.7024983562265922 -0.11980156598239458 0.70152950350438
 171  474 3671 86.727099 33.182649 -0.0821094885468483 0.005289256107062101 12259 0.7017472604596869 -0.11953307826092946 0.7023265804729242
 172  474 3682 86.725868 33.280615 -0.06995585560798645 0.007067553233355284 11939 0.7006077145198405 -0.11913000710009317 0.703531713402898
 173  474 3692 86.725051 33.367158 -0.05132751911878586 0.005384333897382021 13814 0.6994214202519853 -0.11874453378937798 0.7047761436001072
 174  474 3702 86.720695 33.457494 -0.03939393535256386 0.004984191618859768 15174 0.698058255439406 -0.11829770444958955 0.7062013347019747
 175  474 3711 86.720104 33.544265 -0.044004980474710464 0.003974969498813152 13910 0.6972207947528375 -0.11797379981656636 0.7070822766277362
 176  473 3722 86.718726 33.638229 -0.04187221825122833 0.001903640222735703 14549 0.696258693656478 -0.11760861277857608 0.7080904219858322
 177  473 3731 86.717895 33.726534 -0.039913326501846313 0.002524342853575945 14490 0.6952751054071835 -0.11725478274418179 0.7091148311272615
 178  604 3583 88.111939 32.379986 -0.0023357882164418697 0.0048640756867825985 10034 0.7926769135378242 -0.1473524132763717 0.5915662068152459
 179  699 3724 89.149584 33.642095 -0.0023829012643545866 0.0005208609509281814 596 0.8361200596442141 -0.16146682584932745 0.5242439413199725
 180  699 3732 89.157455 33.710434 -0.002572698285803199 0.0010626979637891054 2543 0.835673294499639 -0.16130965574129738 0.5250041331501529
 181  553 3701 87.580685 33.456062 -0.019299374893307686 0.002744761062785983 15475 0.747928357630256 -0.13303696342748642 0.6503109550165225
 182  553 3711 87.581362 33.545840 -0.012148247100412846 0.004037484060972929 15524 0.7470666099061589 -0.132705305797432 0.6513683920613044
 183  553 3721 87.581654 33.636240 -0.015586324967443943 0.0028653887566179037 15215 0.7460129424412425 -0.13233464042878995 0.6526501609995529
 184  553 3731 87.582336 33.726375 -0.02345871366560459 0.0021069750655442476 15142 0.7448915837036687 -0.13195488414024453 0.6540064503343794
 185  553 3742 87.583244 33.817049 -0.026592139154672623 0.0019336683908477426 15403 0.743851942918674 -0.13159051370506045 0.6552619504587095
 186  553 3751 87.583700 33.906856 -0.027864931151270866 0.0013093675952404737 15506 0.7428524543634552 -0.131231932504055 0.6564666106798136
 187  554 3761 87.588405 33.996000 -0.025418594479560852 0.0017673810943961143 13394 0.7420764248445876 -0.130945376753633 0.6574008579221085
 188  553 3770 87.582354 34.070294 -0.02350466139614582 0.0010222328128293157 9689 0.7407835687700772 -0.1305185454176561 0.6589420411100869
 189  564 3603 87.683354 32.562628 -0.02070528082549572 0.002135321032255888 12420 0.7650553054934358 -0.138688009768203 0.6288529362918492
 190  563 3612 87.681996 32.643777 -0.019744710996747017 0.002019449369981885 15594 0.7640475596715115 -0.13833194254428885 0.6301552191578926
 191  563 3622 87.682625 32.734053 -0.018201880156993866 0.0022598234936594963 15597 0.763005487364437 -0.1379656207828715 0.6314967250380282
 192  563 3632 87.683457 32.824287 -0.018722856417298317 0.0035635752137750387 15583 0.7618288200633441 -0.13757573074181495 0.6330006060279474
 193  563 3641 87.683425 32.913954 -0.01869262009859085 0.0024828340392559767 15158 0.760766582250283 -0.1372020502861603 0.634357789207713
 194  563 3652 87.684343 33.005022 -0.014595854096114635 0.002308016177266836 15226 0.7597086725839824 -0.13683310871698323 0.6357038879537624
 195  563 3661 87.683985 33.094658 -0.013556988909840584 0.002313171746209264 13960 0.7586566784420027 -0.1364589948372344 0.6370392350423633
 196  563 3671 87.685492 33.184898 -0.011641666293144226 0.0021998509764671326 15132 0.7576116675694018 -0.13609810872375683 0.6383587282747272
 197  584 3632 87.897623 32.823456 -0.007931520231068134 0.007341795135289431 14946 0.7745865297746698 -0.14149526005760846 0.6164371819357299
 198  583 3642 87.898084 32.913212 -0.012632550671696663 0.0033559605944901705 15507 0.7733717404408562 -0.14109453445569933 0.6180521688613433
 199  584 3652 87.899257 33.003669 -0.009655754081904888 0.003582859644666314 15280 0.77233654891157 -0.14073132361663274 0.6194279213665432
 200  584 3661 87.900754 33.092962 -0.004752281587570906 0.0022852029651403427 14673 0.7714070924354506 -0.1403925038606534 0.6206617779435276
 201  584 3672 87.902990 33.185226 -0.005769018083810806 0.0019500755006447434 13986 0.7703817357218343 -0.14003512076651936 0.6220145868210165
 202  583 3682 87.901364 33.273939 -0.00928004365414381 0.0020277847070246935 15188 0.7691219165946774 -0.13961277142147074 0.623666378338408
 203  583 3692 87.902480 33.364352 -0.012216503731906414 0.001572872162796557 15573 0.7679606427457226 -0.13922540704032435 0.6251821632356706
 204  584 3701 87.904607 33.453586 -0.015004422515630722 0.0018504289910197258 15017 0.7669399573767356 -0.13887392975918153 0.6265118781094361
 205  583 3711 87.904456 33.544020 -0.017338654026389122 0.0015763163100928068 15524 0.7658928933450689 -0.13849856253990006 0.627874369677486
 206  583 3721 87.905549 33.634247 -0.019889404997229576 0.002078892197459936 15564 0.7648186051745717 -0.13812750700902418 0.6292640884289319
 207  583 3731 87.906341 33.724434 -0.022239338606595993 0.0022787628695368767 15608 0.7637628120035793 -0.1377577389915047 0.6306260162317548
 208  563 3682 87.686631 33.275309 -0.009398168884217739 0.0025271251797676086 15436 0.7565467197348389 -0.1357305882767598 0.6396985761001035
 209  563 3692 87.687561 33.365685 -0.013415172696113586 0.0024348848965018988 15609 0.7553532430566277 -0.13533793599929084 0.6411903939418361
 210  563 3701 87.688297 33.455506 -0.018525082617998123 0.00278397835791111 15495 0.7541628285015036 -0.13494558846019608 0.6426726353764748
 211  563 3711 87.689111 33.544697 -0.018856380134820938 0.00359857315197587 15278 0.7532727292265199 -0.13461024732058607 0.643785893539087
 212  564 3722 87.690104 33.636517 -0.01919482834637165 0.00270364573225379 15059 0.7523265601973952 -0.1342605752318756 0.6449642197517322
 213  563 3731 87.690407 33.725845 -0.02539372630417347 0.002877746243029833 15583 0.7511197132659583 -0.13386306831374292 0.6464517424254458
 214  563 3742 87.691271 33.816298 -0.026608986780047417 0.0028186901472508907 15503 0.750057527934318 -0.1334938373141555 0.6477600637490719
 215  563 3751 87.691882 33.906231 -0.028101293370127678 0.002010117284953594 15610 0.7490980577213128 -0.13314258343375787 0.6489415631586111
 216  563 3761 87.692670 33.996431 -0.025317786261439323 0.0020687237847596407 15588 0.7480897860518593 -0.13278308686690768 0.6501771480504207
 217  563 3769 87.689428 34.062259 -0.024468908086419106 0.0013409263920038939 6986 0.7471149039719965 -0.13244972249261677 0.6513650215313554
 218  574 3602 87.789077 32.554679 -0.016683785244822502 0.0018540766322985291 15003 0.771329845777945 -0.14062829656236348 0.6207043992257021
 219  573 3612 87.788631 32.643178 -0.017224503681063652 0.0022151221055537462 15614 0.7703118868106686 -0.14026161590484396 0.6220500591929476
 220  573 3621 87.789657 32.726161 -0.013985667377710342 0.005907493177801371 11870 0.7694399957169027 -0.13994355088721064 0.6231997236490493
 221  573 3632 87.789572 32.825539 -0.010627519339323044 0.006902602966874838 14751 0.7681753128878126 -0.13951176454587444 0.6248545080440788
 222  573 3641 87.791153 32.913652 -0.014695040881633759 0.0023868477437645197 15451 0.7671015536813125 -0.13914962772976136 0.6262528143189341
 223  583 3741 87.907304 33.814635 -0.02576170116662979 0.0025323161389678717 15624 0.7626487205760566 -0.13737834300914975 0.632055472150795
 224  583 3751 87.908259 33.904846 -0.03003314509987831 0.0027516919653862715 15624 0.7616361300431624 -0.137017649486743 0.6333534314598783
 225  583 3761 87.909251 33.995017 -0.02849913202226162 0.0024419017136096954 15594 0.7606462354014975 -0.13666142834388958 0.634618750568038
 226  582 3767 87.896370 34.046397 -0.026046868413686752 0.0016584615223109722 1778 0.7593019606623296 -0.13621587704611351 0.6363220626183727
 227  595 3584 88.010896 32.391398 -0.0009365769219584763 0.0049958014860749245 4764 0.7866739688370179 -0.14544465451134378 0.5999915992980988
 228  595 3592 88.012198 32.465775 -0.0041987961158156395 0.0033347136341035366 11117 0.7857199303706794 -0.14512872815568184 0.6013167578591245
 229  593 3602 88.000931 32.551454 -0.011285478249192238 0.005415936466306448 15619 0.7838249146150603 -0.14452053789273575 0.6039307223149751
 230  444 3615 86.406936 32.672061 -0.05535372346639633 0.0036829907912760973 5888 0.6892686074573029 -0.11633077522494892 0.7151055429161719
 231  444 3622 86.402465 32.734484 -0.05611071363091469 0.0036797039210796356 15605 0.6882518381455061 -0.11600269377847766 0.7161374046406658
 232  444 3631 86.402109 32.824223 -0.05835685133934021 0.0055902209132909775 15333 0.6871352735358002 -0.1156289983576454 0.7172691618923043
 233  444 3642 86.401274 32.915090 -0.06168307736515999 0.0019042480271309614 15212 0.6861341843820985 -0.1152698548241777 0.7182845825932264
 234  443 3651 86.397872 32.998386 -0.06178974732756615 0.0014511077897623181 10021 0.6850781480948712 -0.11490020997379118 0.7193510080279866
 235  443 3662 86.391061 33.096093 -0.06060924753546715 0.0012996363220736384 7479 0.6835360692882954 -0.11439695004782113 0.7208965111593085
 236  443 3671 86.390544 33.181819 -0.06086583063006401 0.001982100075110793 7371 0.6825783992323972 -0.1140576785101062 0.7218570321568001
 237  444 3682 86.408213 33.276286 -0.05937790498137474 0.0033367916475981474 10970 0.6824402571665205 -0.1139565206048016 0.7220036058151932
 238  623 3671 88.325262 33.176696 -0.0003476595738902688 0.0019187910947948694 13719 0.7951462444056201 -0.14786875450877401 0.5881133236440591
 239  623 3682 88.328211 33.271611 -0.005651905667036772 0.002114732749760151 14663 0.7940256179110105 -0.14749062283192169 0.5897201321624436
 240  623 3692 88.332598 33.360415 -0.007261727936565876 0.0017435537884011865 15621 0.793076270618404 -0.1471681100092151 0.5910766247943827
 241  623 3701 88.333973 33.450251 -0.008572607301175594 0.002030075527727604 15500 0.7920778345530138 -0.14681138608811997 0.592502422716307
 242  623 3711 88.335309 33.540062 -0.009872596710920334 0.0010598836233839393 15587 0.7910481622111297 -0.14644831483539533 0.5939660732266339
 243  623 3721 88.336739 33.630301 -0.012147726491093636 0.001466700923629105 15623 0.7899536087889516 -0.14607259153604785 0.5955133029271932
 244  623 3731 88.338139 33.720498 -0.01426332350820303 0.0021751357708126307 15625 0.7889268905050286 -0.14570962935612847 0.5969615275300129
 245  624 3741 88.343513 33.806559 -0.012958274222910404 0.004300366621464491 13706 0.7882157458711344 -0.1454449897225852 0.5979646251455083
 246  524 3761 87.260906 33.998165 -0.024072274565696716 0.001434466801583767 15226 0.7231863998343802 -0.12525440442994426 0.679200092215459
 247  523 3769 87.257070 34.064677 -0.02469545230269432 0.0013751756632700562 7308 0.7221200609109838 -0.12490410856462679 0.6803981050044106
 248  534 3605 87.368183 32.587024 -0.035151705145835876 0.003479481441900134 4358 0.746094721077348 -0.13294012040232228 0.6524335916918521
 249  534 3612 87.362966 32.645087 -0.031495679169893265 0.003166548442095518 15598 0.7450815378275738 -0.1326047156546811 0.6536585434113432
 250  534 3621 87.364465 32.734387 -0.02701902948319912 0.002403549151495099 14716 0.7442018963373213 -0.1322783306829941 0.6547258821214079
 251  534 3632 87.363812 32.826418 -0.025058910250663757 0.0019752075895667076 15057 0.7431064178952664 -0.13189230516345385 0.6560466991926229
 252  534 3642 87.364250 32.915906 -0.021477093920111656 0.001886373502202332 15297 0.7420763420832027 -0.13153073383167524 0.6572840851398385
 253  543 3682 87.472449 33.276645 -0.017281651496887207 0.0019786800257861614 15066 0.7439537052174608 -0.13190807603549257 0.6550825474471336
 254  544 3692 87.473251 33.366858 -0.019572388380765915 0.0027397293597459793 15369 0.7427952355930459 -0.13152326069287498 0.6564730534279267
 255  544 3701 87.473639 33.456513 -0.013591145165264606 0.003926374949514866 15221 0.7418290405396532 -0.13117159311073856 0.6576349198246765
 256  544 3711 87.474351 33.545751 -0.012708151713013649 0.0036007363814860582 14403 0.7409190785706954 -0.1308331837248829 0.658727255430017
 257  503 3605 87.033445 32.582956 -0.046542324125766754 0.0049852547235786915 4805 0.7265132184826147 -0.127132234570119 0.6752895218372936
 258  503 3612 87.042542 32.647002 -0.04146573320031166 0.0018760848324745893 14737 0.7263322654259692 -0.1270340007006923 0.6755026298003258
 259  504 3622 87.045766 32.736274 -0.03816741704940796 0.001743517816066742 13979 0.7255260055588677 -0.12673419932531427 0.6764247615065295
 260  503 3631 87.040058 32.825103 -0.035544853657484055 0.0024396541994065046 14394 0.7241749238776283 -0.1262779430433538 0.6779561643112116
 261  504 3642 87.042966 32.916459 -0.031150052323937416 0.0021856289822608232 15550 0.7232239170364577 -0.12594599997214137 0.6790322311330003
 262  504 3652 87.043223 33.006532 -0.024528808891773224 0.003235515672713518 15327 0.722168774482351 -0.12558017670062543 0.6802219346525802
 263  504 3662 87.043377 33.096632 -0.010647808201611042 0.005676968954503536 14749 0.7211723837049058 -0.12522406530007293 0.6813437652544472
 264  504 3672 87.043289 33.187124 -0.006553512066602707 0.006625642534345388 15571 0.7199112423011482 -0.1248185674319826 0.6827504144507311
 265  504 3682 87.043285 33.277292 -0.016839437186717987 0.005019040312618017 15510 0.7189223883919069 -0.12446256258667682 0.6838564688465217
 266  504 3691 87.043194 33.366443 -0.026603534817695618 0.0036951361689716578 14613 0.7180542901266681 -0.12412937653185929 0.6848283977117906
 267  504 3702 87.044267 33.457547 -0.028215918689966202 0.0017139414558187127 12858 0.7170174757613779 -0.12377030093338569 0.6859787548165329
 268  494 3605 86.942898 32.588952 -0.04201554134488106 0.001504615880548954 3678 0.7211372384141581 -0.125556764747405 0.6813197356590858
 269  493 3612 86.935775 32.646169 -0.04325034096837044 0.001987891271710396 14401 0.7201172925045306 -0.12521434564334757 0.6824605869067111
 270  643 3711 88.550743 33.537596 -0.007227396592497826 0.0015535162528976798 15585 0.8035575272392161 -0.15050484574987746 0.5758850508764765
 271  643 3721 88.552233 33.627672 -0.008141525089740753 0.00296810083091259 15543 0.8024975658410288 -0.15013501499104823 0.577457473839296
 272  643 3731 88.553996 33.718006 -0.010568028315901756 0.0020894519984722137 15604 0.8014507184040595 -0.14976920722254142 0.5790042577887907
 273  643 3740 88.548257 33.797320 -0.009055256843566895 0.00613007415086031 9723 0.8001321652803406 -0.14931464696971494 0.5809420403827763
 274  654 3573 88.637420 32.291887 0.010975182056427002 0.004419806879013777 9166 0.8244838782007756 -0.15766735124101003 0.543477084097989
 275  653 3582 88.636384 32.364632 0.008687887340784073 0.004095194861292839 15475 0.8234836764022981 -0.1573236398583052 0.5450907328515955
 276  653 3592 88.638336 32.454530 0.005711623467504978 0.0034109645057469606 15623 0.8224483620899673 -0.15696338301712923 0.5467551445458451
 277  653 3602 88.639977 32.544739 0.003924517892301083 0.003184237517416477 15623 0.821373223102093 -0.15659210057313236 0.5484751064624295
 278  653 3612 88.641617 32.634939 0.001771052018739283 0.0020382951479405165 15625 0.8202546628332327 -0.1562120702006473 0.5502545567498445
 279  653 3622 88.643268 32.725143 -0.0004515949112828821 0.00119020976126194 15625 0.819226882118027 -0.15585005685848186 0.551885926068408
 280  653 3632 88.644927 32.815344 -0.0012296029599383473 0.0013267366448417306 15625 0.8181416711167628 -0.15547656745513336 0.5535984491981892
 281  653 3641 88.641911 32.902377 -0.0009405685123056173 0.002510068705305457 13297 0.8169216351571337 -0.15504654072925741 0.5555174274674789
 282  653 3652 88.644408 32.996803 -0.0009672418236732483 0.005949028301984072 13987 0.8158505297177491 -0.15467398280097794 0.5571928501010678
 283  514 3661 87.150375 33.096328 -0.014612854458391666 0.0031910871621221304 15276 0.7273219886405541 -0.12704515934259983 0.6744347650644671
 284  513 3672 87.149837 33.187154 -0.010508647188544273 0.0022153116296976805 15324 0.7262516616798184 -0.1266687847421899 0.6756578593335826
 285  513 3681 87.147464 33.276531 -0.014974129386246204 0.0023924873676151037 14600 0.7250327284031899 -0.12625626386840597 0.6770427597856857
 286  513 3692 87.148264 33.368040 -0.022092698141932487 0.00300973909907043 12333 0.7240858354914076 -0.1259097046416935 0.6781197896520582
 287  514 3702 87.151176 33.457589 -0.025513961911201477 0.001287805731408298 15227 0.723178651431896 -0.1255884139334146 0.6791466619212919
 288  514 3711 87.151050 33.547218 -0.02463657036423683 0.0020190838258713484 15586 0.722037626723005 -0.1252046903413208 0.6804303425867666
 289  514 3721 87.151376 33.636943 -0.024789446964859962 0.001691553508862853 15184 0.7210351208808665 -0.12484848196847652 0.6815579293108409
 290  514 3732 87.151707 33.727950 -0.02708442695438862 0.0018714966718107462 15103 0.7200085835990601 -0.12448545254195582 0.6827085847190585
 291  513 3741 87.148117 33.817373 -0.027291355654597282 0.0019665847066789865 13038 0.7188146664986323 -0.12406915442368359 0.6840411684592178
 292  513 3752 87.151060 33.910625 -0.02705814689397812 0.0015699926298111677 13652 0.7179292171950307 -0.1237444059863409 0.6850291680540459
 293  514 3761 87.152444 33.998239 -0.026845432817935944 0.0019285274902358651 14185 0.7169695614167421 -0.12340727702924886 0.6860942296639075
 294  513 3770 87.149878 34.072454 -0.02736705355346203 0.0018619783222675323 9916 0.7159291253290059 -0.12305599046833823 0.6872428324220639
 295  633 3731 88.446070 33.719282 -0.01209903135895729 0.0017141735879704356 15625 0.795215439577737 -0.14773655753449763 0.5880529858992662
 296  633 3741 88.447236 33.809133 -0.01297764852643013 0.0023858374916017056 15501 0.7941134505810755 -0.14735716862082965 0.5896352198285566
 297  631 3747 88.419328 33.858438 -0.013045629486441612 0.0014661750756204128 634 0.7919090220488255 -0.14662405676218399 0.5927743978751719
 298  504 3711 87.044278 33.546642 -0.026593180373311043 0.0019137770868837833 13811 0.7159493549126948 -0.12340255396795183 0.6871596109160394
 299  504 3721 87.046315 33.637807 -0.029594838619232178 0.002151105087250471 13980 0.7149833444008346 -0.1230622942019213 0.6882256090666472
 300  504 3731 87.043648 33.727455 -0.029172148555517197 0.0036668877582997084 14926 0.7137983634911019 -0.12265480818010892 0.689527152697938
 301  504 3741 87.052939 33.809913 -0.028177140280604362 0.0021815074142068624 11211 0.7134550160839173 -0.1224907684945646 0.6899115535040041
 302  503 3753 87.042238 33.921806 -0.03200282156467438 0.002341934246942401 9511 0.7115530342581087 -0.121858075459599 0.6919847461348853
 303  503 3762 87.040315 33.998642 -0.032805994153022766 0.001967580057680607 14050 0.7105554177826139 -0.12151440298580617 0.6930694396139382
 304  503 3771 87.039906 34.080932 -0.03239769861102104 0.002467436483129859 11014 0.7095783702940458 -0.1211737908681471 0.694129273851412
 305  604 3592 88.110663 32.465188 0.001237118849530816 0.0033895066007971764 13382 0.791575873525522 -0.14696792933499167 0.5931341030486206
 306  603 3602 88.107433 32.550554 -0.001402966445311904 0.0023976692464202642 15624 0.7902549926151694 -0.14652654241992513 0.5950016966473796
 307  603 3612 88.108547 32.640779 -0.006645721849054098 0.0025333091616630554 15625 0.7891688460600784 -0.1461525360326728 0.5965332921299721
 308  603 3622 88.109659 32.731004 -0.0016358329448848963 0.0031241956166923046 15624 0.7881153222153938 -0.1457846930771214 0.5980142658446664
 309  603 3632 88.110755 32.821134 -0.0006001454894430935 0.004034752491861582 15538 0.7871174345606412 -0.14542742679854737 0.5994138868473334
 310  603 3642 88.109350 32.912490 -0.0020068453159183264 0.0052763065323233604 14636 0.7858585758275566 -0.14499948524732448 0.6011667389970069
 311  603 3652 88.113040 33.001661 -0.010152812115848064 0.004747211001813412 15624 0.7848737383328844 -0.14466546031748498 0.6025322559552253
 312  604 3661 88.114749 33.091318 -0.006083850283175707 0.004162017721682787 15250 0.7839404987269054 -0.14432563553773067 0.6038272976459751
 313  664 3721 88.768119 33.624963 -0.005315802991390228 0.0034437335561960936 15521 0.8149145118878967 -0.15424034574977694 0.5586808159025155
 314  663 3731 88.769813 33.715028 -0.009316115640103817 0.0019220764515921474 15607 0.8138617243257803 -0.1538719364569991 0.5603146623536108
 315  663 3739 88.768377 33.784125 -0.0075525143183767796 0.0021745776757597923 8220 0.8129128517611642 -0.15354006998286324 0.5617812228538694
 316  671 3572 88.822825 32.278574 0.0046726916916668415 0.0012304907431825995 7308 0.8351533434081971 -0.16125639656031734 0.5258471903152965
 317  672 3582 88.833211 32.363859 0.004681215155869722 0.001428591669537127 10811 0.8346612910080748 -0.16107896428122268 0.5266821589524581
 318  673 3592 88.845672 32.453139 0.00636074785143137 0.0016494832234457135 13977 0.8342896167508593 -0.16093449513911876 0.5273148240434941
 319  673 3602 88.852745 32.541926 0.005302604753524065 0.0016273248475044966 15566 0.8335317014471063 -0.1606708674649849 0.5285922578233067
 320  673 3612 88.854789 32.631963 0.002712293528020382 0.0017472045728936791 15622 0.8324795633079343 -0.16030620644172425 0.5303580836103982
 321  673 3622 88.856585 32.722504 0.001176827703602612 0.0021003263536840677 15460 0.831442055659157 -0.1599414956117973 0.5320928735312443
 322  674 3632 88.858893 32.812698 -0.001115836901590228 0.0013775092083960772 15224 0.8304201927884023 -0.15958441646072644 0.5337931410501283
 323  674 3642 88.869205 32.905545 0.0007254991796799004 0.001924560870975256 10669 0.8298458646641641 -0.15937458238753857 0.53474814949524
 324  525 3606 87.270646 32.594415 -0.040787987411022186 0.001443447545170784 1654 0.7402829649103051 -0.13119736423756714 0.6593696865042578
 325  524 3612 87.258981 32.647087 -0.035710446536540985 0.0034296317026019096 14535 0.7389809853504384 -0.13077743202133832 0.6609117691223234
 326  523 3621 87.254974 32.733884 -0.03214674070477486 0.0019722890574485064 14022 0.737776771697182 -0.13036019880613964 0.6623380207351137
 327  523 3632 87.255772 32.826962 -0.026834622025489807 0.004281757399439812 14420 0.7367919358574601 -0.1300030281236668 0.6635034709284449
 328  481 3674 86.801672 33.209068 -0.07647078484296799 0.007804764900356531 3790 0.7057098753211858 -0.12066143100356536 0.6981506935772019
 329  486 3674 86.855292 33.209432 -0.10833649337291718 0.044067371636629105 3941 0.7089593323985072 -0.1215843988672652 0.6946897861327377
 330  481 3669 86.801637 33.164202 -0.06947989016771317 0.007311101071536541 3831 0.7062935970662847 -0.12085329101755575 0.6975269434175247
 331  486 3669 86.854839 33.164501 -0.18464450538158417 0.060844287276268005 3822 0.7094916136234184 -0.1217648979883579 0.6941145149151707
 332  483 3682 86.826861 33.277492 -0.057339511811733246 0.011050834320485592 13880 0.7065449360021264 -0.12083694261852578 0.6972751872168966
 333  483 3692 86.827746 33.367994 -0.04168969392776489 0.0035106930881738663 15158 0.7055579932051581 -0.12048837815596652 0.6983340668717621
 334  484 3701 86.828123 33.457285 -0.04080301150679588 0.004438348114490509 15356 0.7043829854400623 -0.12010614832971675 0.6995849647869408
 335  483 3711 86.826962 33.543334 -0.04120393097400665 0.005206655245274305 12388 0.7034335256205015 -0.11975952683821561 0.7005989799911201
 336  483 3721 86.827463 33.635047 -0.037111543118953705 0.002792225917801261 12805 0.7025488554363132 -0.11942378068589271 0.7015433460106468
 337  484 3732 86.827454 33.735965 -0.035285525023937225 0.002018948784098029 10181 0.7014103573479582 -0.11902205444679405 0.702749785599593
 338  484 3742 86.827525 33.818894 -0.036740098148584366 0.0012076067505404353 14968 0.7004297919654656 -0.11868451275982805 0.7037841238321427
 339  484 3751 86.827267 33.908012 -0.03683556616306305 0.001022453885525465 15471 0.6993475584190487 -0.11831476580262734 0.7049217039688767
 340  484 3761 86.827018 33.998340 -0.0386519655585289 0.0018310543382540345 15583 0.6983566204138275 -0.11795845910790012 0.7059630533172874
 341  484 3771 86.826918 34.088542 -0.041291285306215286 0.002049726666882634 15577 0.6972706444174114 -0.11758705997723568 0.707097540484789
 342  483 3777 86.816131 34.140834 -0.04308835789561272 0.001820524106733501 2246 0.6960243820205029 -0.11719391690719067 0.7083894730110885
 343  494 3761 86.935250 33.998393 -0.03730311244726181 0.0017310545081272721 15592 0.7045116862313197 -0.11975011081690673 0.6995164007532926
 344  493 3771 86.934054 34.087112 -0.03601498156785965 0.001559223048388958 15058 0.7034392087204158 -0.11937551426446429 0.7006588087142629
 345  490 3777 86.893651 34.135475 -0.03792048245668411 0.0015726885758340359 161 0.7005107127441496 -0.11849737358592186 0.7037351162077407
 346  534 3741 87.367877 33.817334 -0.025696422904729843 0.0016680811531841755 15566 0.7312986811560591 -0.1278093777051468 0.6699753741071619
 347  534 3752 87.368724 33.908051 -0.026623910292983055 0.003488302230834961 15422 0.730311649310818 -0.12745571159209762 0.6711184220861954
 348  534 3761 87.368566 33.997864 -0.024293670430779457 0.0019974997267127037 15609 0.7293454691673634 -0.12710055152444408 0.6722355512818557
 349  535 3770 87.381292 34.072887 -0.02514144778251648 0.0015860872808843851 8313 0.7291282201334814 -0.12699909546454508 0.6724903481509372
 350  544 3604 87.472144 32.579065 -0.024565428495407104 0.0020259986631572247 6992 0.7523505757922888 -0.13482214992085775 0.6448190436050484
 351  543 3612 87.469134 32.644794 -0.024690305814146996 0.003101103473454714 15499 0.7513737953881157 -0.13449243061618213 0.646025700503478
 352  544 3621 87.469820 32.734892 -0.025030456483364105 0.002674187533557415 15252 0.7503639604513708 -0.13413435393466266 0.6472726643001884
 353  544 3632 87.470804 32.825939 -0.02630060911178589 0.0013612254988402128 15098 0.7493336186127186 -0.1337726657426017 0.6485399000191793
 354  543 3642 87.470559 32.915546 -0.025888338685035706 0.0017236918210983276 15426 0.7482795283889949 -0.13340088009470574 0.6498322495720732
 355  543 3652 87.470914 33.005561 -0.022992677986621857 0.0014275816502049565 15361 0.7471723284540539 -0.13302268746482476 0.6511823678603275
 356  543 3662 87.471317 33.096155 -0.020387088879942894 0.0014143125154078007 15356 0.7461317194232814 -0.1326558474009992 0.6524491424017511
 357  544 3672 87.472004 33.186120 -0.017852813005447388 0.0017925408901646733 15465 0.7450522862680307 -0.13228512799636252 0.6537566333413118
 358  534 3652 87.364294 33.006039 -0.02076529711484909 0.001750623108819127 15402 0.7409479809936859 -0.1311472596704203 0.658632284163417
 359  534 3662 87.364822 33.096516 -0.01924973912537098 0.0017635893309488893 15191 0.7398711531683928 -0.13077579892395058 0.6599154242212216
 360  534 3672 87.365173 33.186579 -0.020533299073576927 0.001021630596369505 15537 0.738770828245911 -0.13039967514848533 0.6612212852396845
 361  534 3682 87.365195 33.276795 -0.017844459041953087 0.0017526091542094946 15360 0.7377321233528252 -0.13003209781426936 0.6624522380604901
 362  534 3692 87.365530 33.367313 -0.018031027168035507 0.001989732263609767 14943 0.7366534391028617 -0.12965884222353638 0.6637245628204358
 363  534 3701 87.366252 33.456735 -0.01955968327820301 0.004002982750535011 15303 0.7356738227936139 -0.12930832969277425 0.6648784718490254
 364  534 3712 87.366532 33.547276 -0.01976987160742283 0.002586311660706997 15134 0.7345822286852538 -0.12893232415074554 0.6661571924770405
 365  534 3721 87.367125 33.637211 -0.02114175260066986 0.0016210387693718076 15292 0.7335354129036852 -0.1285677330245443 0.6673800536734296
 366  534 3731 87.367391 33.727212 -0.023835614323616028 0.0015513210091739893 15616 0.7324116961473474 -0.12818693435927025 0.6686861873899729
 367  484 3641 86.830663 32.915707 -0.03750713914632797 0.0013413744745776057 14416 0.7109766280187793 -0.12236431934319057 0.692487695026218
 368  485 3652 86.840160 33.010527 -0.04091612994670868 0.005828239023685455 11090 0.7105199997744995 -0.12215702178438823 0.6929927791465172
 369  481 3664 86.801690 33.119098 -0.0641346126794815 0.011022843420505524 3899 0.707005945846666 -0.12106872331459342 0.6967675055371311
 370  486 3664 86.854973 33.119198 -0.1380406618118286 0.036153268069028854 3385 0.710098260458564 -0.12196309982217379 0.6934590563079321
 371  481 3659 86.801887 33.074540 -0.06623680889606476 0.010334750637412071 3688 0.7075811539294586 -0.12126007043993592 0.6961500599157897
 372  486 3659 86.855024 33.073779 -0.07242769002914429 0.016598673537373543 3491 0.7106516260534185 -0.1221516442426519 0.6928587462076589
 373  633 3662 88.435657 33.088594 -0.010390271432697773 0.002784940181300044 15625 0.8025308080439737 -0.15029899930753018 0.5773686109821365
 374  634 3671 88.441612 33.174578 -0.004944504238665104 0.003233114955946803 13710 0.8018603489341815 -0.1500476965017033 0.5783646510478365
 375  634 3682 88.444616 33.274277 -0.0017456394853070378 0.002295405138283968 12642 0.8008146730138502 -0.1496745346122946 0.5799080902818249
 376  633 3692 88.439994 33.359283 -0.005855361931025982 0.002150684827938676 15582 0.7994124827088701 -0.14920298277094213 0.5819606107130401
 377  633 3701 88.441566 33.449048 -0.009090878069400787 0.001369076780974865 15494 0.798358986233306 -0.14883654819016945 0.58349859556246
 378  633 3711 88.443087 33.538914 -0.009920481592416763 0.0012705145636573434 15601 0.7973146233499886 -0.1484712124761553 0.5850176838849626
 379  633 3721 88.444561 33.629084 -0.010005153715610504 0.0020363437943160534 15625 0.7962247937124073 -0.14809605981909713 0.5865949496404591
 380  454 3702 86.505576 33.456770 -0.0501156747341156 0.004328837152570486 14784 0.685927047508316 -0.11481216219530743 0.7185556714051895
 381  454 3711 86.505887 33.544796 -0.0529414638876915 0.002786169061437249 14483 0.6850332314478387 -0.1144836958272588 0.719460183194222
 382  453 3722 86.503191 33.638952 -0.049368467181921005 0.0031117096077650785 13377 0.6839647044118986 -0.11409362108056186 0.7205379440025829
 383  454 3731 86.506884 33.726509 -0.04821249470114708 0.0025198201183229685 12059 0.6832394607003174 -0.11381657811307763 0.7212694544264087
 384  455 3741 86.516289 33.815114 -0.04717452824115753 0.0024291537702083588 11487 0.6828092661271586 -0.11362444296154209 0.72170699875543
 385  456 3751 86.525647 33.904071 -0.04991666227579117 0.0012383477296680212 8614 0.6823490461631553 -0.11342616243888709 0.7221733066754956
 386  457 3762 86.541208 34.005428 -0.047311633825302124 0.0016414361307397485 3166 0.6821417935048835 -0.11328585608902601 0.7223910910055006
 387  457 3771 86.542484 34.082775 -0.046550918370485306 0.002224726602435112 3605 0.6813375343110437 -0.11300035735676459 0.723194360857571
 388  653 3662 88.649950 33.085937 -0.004499467089772224 0.004550672601908445 15615 0.8149219182992896 -0.15436296207525976 0.5586361454603147
 389  653 3672 88.651630 33.176143 -0.012576348148286343 0.003331443527713418 15621 0.8137783815712473 -0.1539776408584302 0.5604066664512064
 390  653 3682 88.653250 33.266250 -0.011080414056777954 0.0026348598767071962 15581 0.8127813046483184 -0.15362086523976873 0.561949446638363
 391  464 3682 86.614827 33.277011 -0.06515124440193176 0.005445228423923254 12275 0.6943093192462926 -0.11732130690604237 0.7100494913409965
 392  464 3692 86.614473 33.368409 -0.05178242549300194 0.003997791092842817 11972 0.6932121933904776 -0.11694574093053382 0.711182500215642
 393  464 3702 86.612866 33.457373 -0.04177798330783844 0.0037900556344538927 15233 0.6919530872983698 -0.11653916383291832 0.7124742439354413
 394  463 3711 86.611119 33.544254 -0.04811246320605278 0.005704238545149565 14277 0.6909933485181055 -0.11618739855225572 0.7134624592236057
 395  464 3722 86.614045 33.637307 -0.04499746486544609 0.00214485265314579 13791 0.6902391794787246 -0.11588884198605418 0.7142406117098554
 396  464 3732 86.613710 33.728017 -0.04220081865787506 0.0022226814180612564 14330 0.6892380568392612 -0.11553143435706931 0.7152645585235141
 397  463 3741 86.610543 33.817506 -0.040088146924972534 0.0026243594475090504 15086 0.6881445016915158 -0.11514222390645724 0.7163793778896841
 398  463 3752 86.608390 33.907804 -0.04356790706515312 0.0036492308136075735 14638 0.6870008741560245 -0.11474952508007598 0.7175390898081826
 399  464 3761 86.610542 33.997421 -0.04739141836762428 0.0017995533999055624 15102 0.6861024810417402 -0.11442829221428796 0.7184494077172658
 400  464 3771 86.610240 34.087215 -0.04608215019106865 0.002328993286937475 13867 0.6850033698023557 -0.11405653563769685 0.7195564536836175
 401  463 3779 86.607802 34.155003 -0.04811863601207733 0.005110830534249544 6876 0.6838965995416824 -0.11371440032617525 0.7206625259396954
 402  474 3612 86.725412 32.649232 -0.04925927892327309 0.0019592333119362593 13094 0.7079043440534861 -0.12166537390313585 0.6957506568183847
 403  474 3622 86.722745 32.735610 -0.044690001755952835 0.002054650569334626 15433 0.7067009703961035 -0.12126469620230425 0.6970427618849281
 404  474 3631 86.726622 32.821739 -0.04033815115690231 0.0019507143879309297 13794 0.7059627871537087 -0.12098871847475286 0.6978382858198626
 405  476 3642 86.747307 32.917980 -0.03907320648431778 0.00240947213023901 6756 0.7062217757895622 -0.12097678590508708 0.6975782541569886
 406  472 3654 86.709294 33.032152 -0.05002925544977188 0.0034027735237032175 5194 0.7026807686406701 -0.11988106952580878 0.7013332065087929
 407  621 3751 88.317305 33.896271 -0.020025186240673065 0.008530656807124615 4856 0.7855881957868548 -0.1445690732240616 0.6016236113281213
 408  620 3759 88.306926 33.969392 -0.018612945452332497 0.0010659131221473217 2769 0.7840579911976017 -0.14405472834390975 0.603739431941416
 409  634 3575 88.429408 32.310057 0.004422728903591633 0.001412257319316268 3884 0.8121073451725619 -0.1536114569085589 0.5629255547789632
 410  633 3581 88.424135 32.366902 0.0014626443153247237 0.0016227930318564177 15625 0.811041884462004 -0.15325502297762536 0.5645564272776007
 411  633 3592 88.425553 32.457118 -0.0011694964487105608 0.0018566421931609511 15625 0.8099830885082019 -0.1528867555999317 0.5661740335734596
 412  633 3602 88.426977 32.547333 0.0008739521726965904 0.0014600128633901477 15625 0.8089699665543887 -0.15252737030327812 0.5677173544303166
 413  633 3612 88.428396 32.637546 0.0016444065840914845 0.001173082971945405 15621 0.8079051299328488 -0.15215766724161933 0.569330611620151
 414  633 3622 88.429849 32.727757 0.0005438385996967554 0.0014019692316651344 15622 0.806833523068418 -0.15178679352862168 0.5709469637044269
 415  633 3632 88.431285 32.817967 0.0004750410735141486 0.0032233225647360086 15624 0.8057829072539989 -0.15141977716012522 0.5725259447938332
 416  633 3642 88.431255 32.910969 0.0010363508481532335 0.003992307465523481 13252 0.8046618445378769 -0.15102258463853352 0.5742050982654181
 417  633 3652 88.434184 32.998393 -0.002625078894197941 0.00412000110372901 15619 0.8036504776144096 -0.1506795075690967 0.5757096454193433
 418  644 3574 88.532969 32.301215 0.006706523708999157 0.001653678948059678 6590 0.8182877014639067 -0.1556263159349806 0.5533404805555273
 419  643 3581 88.530424 32.365656 0.0041394648142158985 0.0019231397891417146 15625 0.8172653941044585 -0.1552833432078791 0.5549453657086146
 420  643 3592 88.531946 32.455868 0.0029352810233831406 0.001762117724865675 15624 0.8162365953483556 -0.15492113924711642 0.5565584075624952
 421  643 3602 88.533471 32.546077 0.004240079782903194 0.0021731245797127485 15622 0.8152093334291718 -0.1545591269650473 0.5581623589617699
 422  643 3612 88.535016 32.636288 0.0022554858587682247 0.001858747797086835 15625 0.8141121463542895 -0.15418330727415624 0.5598650917108646
 423  643 3622 88.535475 32.730594 0.0010356485145166516 0.001104171620681882 13006 0.8129491574588269 -0.1537785217873983 0.5616634522771319
 424  643 3632 88.538111 32.816703 -8.311149940709583e-06 0.001448705093935132 15625 0.8119990104609948 -0.1534474244713822 0.5631265354549232
 425  643 3642 88.539687 32.906912 -0.001803243882022798 0.0017105634324252605 15619 0.8109496158292003 -0.15308092813176963 0.5647361773685021
 426  643 3652 88.541239 32.997120 -0.0017666176427155733 0.0031963579822331667 15616 0.8098449455350613 -0.1527032789904833 0.5664211090495023
 427  643 3662 88.542774 33.087409 -0.010125130414962769 0.0040791649371385574 15558 0.8086199471274169 -0.15230164971033172 0.5682763312009087
 428  643 3672 88.544385 33.177515 -0.012101667001843452 0.0024385496508330107 15625 0.8076480656928691 -0.15195047556620536 0.5697505199276006
 429  643 3682 88.545981 33.267715 -0.009805295616388321 0.0020789026748389006 15620 0.8066484369628366 -0.1515934686046018 0.5712597652748163
 430  643 3692 88.547490 33.357924 -0.006429494824260473 0.0018810564652085304 15576 0.8056516699494327 -0.1512361786101545 0.5727591160226853
 431  643 3702 88.549003 33.447810 -0.009183086454868317 0.0016238992102444172 15446 0.8046068209907264 -0.15087003263640025 0.5743222935490914
 432  653 3692 88.655016 33.356535 -0.00797909777611494 0.002900345018133521 15616 0.8118019423058268 -0.15326822418392086 0.5634593667018009
 433  654 3702 88.658797 33.449843 -0.0046209972351789474 0.00773926405236125 13089 0.8109196234758125 -0.15294425996783506 0.564816268891697
 434  653 3712 88.657904 33.536594 -0.005552939139306545 0.005284467246383429 15293 0.8097495669955959 -0.15254016545191476 0.5666013913452274
 435  653 3721 88.660099 33.626407 -0.007757243234664202 0.003025940153747797 15598 0.8087395315707049 -0.15218531942121752 0.5681373061395096
 436  653 3731 88.661913 33.716565 -0.010650673881173134 0.0015180871123448014 15625 0.8076613048633418 -0.15181339701678623 0.5697682942325484
 437  653 3740 88.662107 33.792534 -0.007768114563077688 0.002990514039993286 10641 0.8067293594711138 -0.15148502579638398 0.5711742532071936
 438  664 3573 88.744610 32.282199 0.006612906698137522 0.004840136971324682 11589 0.8307015001367283 -0.15975018746086767 0.5333056302691795
 439  664 3582 88.744069 32.364058 0.0043939221650362015 0.0052649336867034435 14991 0.8296689126277943 -0.15938590965576835 0.535019277430465
 440  663 3592 88.744717 32.453099 0.0053138770163059235 0.00217910367064178 15625 0.8285662726182026 -0.1590031368359885 0.5368388346197527
 441  663 3602 88.746460 32.543300 0.002909064292907715 0.0012620692141354084 15625 0.8274434181794044 -0.15862240389961396 0.5386801673467209
 442  663 3612 88.748210 32.633500 0.001043348340317607 0.0013595265336334705 15625 0.8263692651801502 -0.15825140331648466 0.5404353161239391
 443  663 3622 88.749951 32.723704 0.0001641075505176559 0.0010827028891071677 15617 0.8253384422083397 -0.1578888642646021 0.5421139754279952
 444  663 3632 88.751735 32.813895 -0.0013411467662081122 0.0010834082495421171 15625 0.8242729651530267 -0.15751960294002276 0.5438397315454754
 445  664 3641 88.754175 32.903494 -0.0001276113180210814 0.0017736883601173759 15399 0.8233351654847013 -0.15718188435961342 0.5453559026043824
 446  664 3652 88.762297 32.994863 -2.233529812656343e-05 0.0044421907514333725 12766 0.8226460861922351 -0.1569340848266481 0.5464660189730192
 447  664 3662 88.757466 33.085321 -0.0007113320752978325 0.003753315657377243 15020 0.8212211784046094 -0.1564412254558673 0.5487457691113539
 448  496 3664 86.962387 33.119768 -0.03171783313155174 0.01582743413746357 3766 0.7161887701808776 -0.12375036745345079 0.686847502741284
 449  491 3659 86.909195 33.073936 -0.04900311306118965 0.0128290681168437 3578 0.713760184927269 -0.12305834214957964 0.6894947736132506
 450  496 3659 86.960047 33.074570 -0.025519801303744316 0.004537632223218679 3416 0.716677021798836 -0.12391145410387035 0.6863089668417681
 451  491 3674 86.908856 33.209641 -0.19201631844043732 0.03382326290011406 3817 0.7120718961299398 -0.12248680570228537 0.691339711842711
 452  496 3674 86.962646 33.209416 -0.08447086811065674 0.03612688183784485 3927 0.7149829496754799 -0.12335956489839443 0.6881727976470946
 453  491 3669 86.910015 33.164690 -0.20763565599918365 0.04914123937487602 3573 0.7126596055531933 -0.12268808845913287 0.6906981392497094
 454  496 3669 86.962475 33.164401 -0.06409870088100433 0.034810323268175125 3877 0.715485149622331 -0.12353727975825159 0.6876187469665455
 455  494 3681 86.936867 33.276661 -0.05733848735690117 0.028585750609636307 14757 0.7129265834741326 -0.12269015601614264 0.6904221985080108
 456  493 3692 86.933861 33.367253 -0.036407407373189926 0.0029537968803197145 12728 0.7117505052427078 -0.12228125456781383 0.6917069560645402
 457  493 3701 86.930167 33.454986 -0.03627331554889679 0.002784980461001396 12625 0.7104965572845094 -0.12185979685703746 0.6930691394058902
 458  493 3712 86.931955 33.548206 -0.030170954763889313 0.003019502153620124 11068 0.7095321534744982 -0.12151493598486943 0.6941168803007417
 459  493 3721 86.934290 33.633768 -0.03162568062543869 0.0026614400558173656 11717 0.7086881016271337 -0.12121015839722606 0.695031849711543
 460  494 3732 86.936117 33.730115 -0.03193393349647522 0.0025585379917174578 13795 0.7076393577807087 -0.1208444896156815 0.6961631623759128
 461  493 3741 86.925108 33.812622 -0.03295661881566048 0.0016662314301356673 11336 0.706096874796509 -0.12033438438860701 0.6978157631756522
 462  493 3752 86.934648 33.908824 -0.03544249013066292 0.0019014597637578845 15374 0.7054878817662823 -0.12009760669170809 0.6984721995526006
 463  604 3672 88.115792 33.183837 -0.003332410706207156 0.007068663369864225 13477 0.7828705318120927 -0.14394922318316655 0.6053035201989281
 464  603 3682 88.115448 33.272818 -0.003192473901435733 0.0019592565950006247 14865 0.7816855585293799 -0.1435475521612569 0.6069281570788445
 465  603 3692 88.117604 33.362600 -0.00757997902110219 0.002400665543973446 15540 0.7805975403813419 -0.1431811183657443 0.608413220841012
 466  603 3702 88.118951 33.453171 -0.010485144332051277 0.0021062796004116535 15107 0.7794989977849276 -0.14280515007231503 0.6099081910952803
 467  603 3711 88.119911 33.542212 -0.012664143927395344 0.0014414888573810458 15614 0.7784791243266665 -0.14244411848141553 0.6112936496460919
 468  603 3721 88.121109 33.632465 -0.014567475765943527 0.001436025369912386 15546 0.7773962602902195 -0.14207051360758396 0.6127569042043172
 469  603 3731 88.122263 33.722654 -0.018828142434358597 0.0021848881151527166 15623 0.7763374985906931 -0.14170118907908938 0.6141830845078018
 470  603 3741 88.123434 33.812856 -0.02078646793961525 0.0017169652273878455 15625 0.775303961413781 -0.14133664234885113 0.6155710527190598
 471  603 3751 88.124615 33.903062 -0.023578226566314697 0.0024820941034704447 15625 0.7742474280690612 -0.14096777197867846 0.6169837983219746
 472  603 3760 88.123698 33.983409 -0.023925434798002243 0.002140635857358575 12143 0.7732115473769536 -0.14060671576042913 0.6183636911122798
 473  513 3612 87.149089 32.649373 -0.04070335999131203 0.002858872525393963 13527 0.7325441831767888 -0.12886240273743332 0.6684111764883849
 474  513 3622 87.149262 32.735731 -0.035934336483478546 0.0028635882772505283 15134 0.7315895194268867 -0.12852057550965643 0.6695216476973718
 475  514 3631 87.152477 32.823447 -0.03162623196840286 0.003155325772240758 14105 0.7308062341278818 -0.12822739550427487 0.6704326835723432
 476  514 3642 87.151060 32.921354 -0.02639213763177395 0.002106573199853301 13315 0.7295608489414688 -0.1277996140768309 0.6718692032930342
 477  514 3652 87.150209 33.006544 -0.02297806181013584 0.002126560779288411 15575 0.7283598196593236 -0.12740886431446577 0.6732450923697368
