Number xind yind east north data err wgt Elos Nlos Ulos
********************************************************
   0  620 3947 82.333830 35.666185 -0.05314997211098671 0.013253661803901196 883 -0.7276999327320085 -0.1257005248164549 0.6742790119547679
   1  618 3945 82.305999 35.643663 -0.011122279800474644 0.01659318245947361 893 -0.7295633107175422 -0.12628083429762305 0.6721536480180371
   2  612 3919 82.239284 35.409856 -0.02013072371482849 0.004349725786596537 11581 -0.736539424927828 -0.12849653871499692 0.6640770400075956
   3  612 3964 82.244168 35.816721 -0.033070001751184464 0.006012518424540758 362 -0.7317315025745262 -0.12676212401559778 0.6697017037869027
   4  621 3919 82.342738 35.411516 -0.02445143647491932 0.0037810103967785835 11688 -0.7307293786896217 -0.12670023943913322 0.6708066967807834
   5  612 3949 82.241301 35.678503 -0.015626154839992523 0.015006331726908684 12949 -0.7333405816324409 -0.12735564055789855 0.6678264236679174
   6  612 3958 82.243256 35.761430 -0.0322624109685421 0.00704472279176116 9675 -0.7324507138372819 -0.12701113761826724 0.6688677916600335
   7  612 3938 82.241118 35.588179 -0.024738747626543045 0.01399489026516676 12110 -0.7342340645209864 -0.12770308001784036 0.666777520505115
   8  612 3929 82.239264 35.499972 -0.015643715858459473 0.012496269308030605 12349 -0.7353711588110478 -0.12810187895078 0.6654465924461379
   9  617 3947 82.299329 35.660780 0.006986722815781832 0.012106488458812237 218 -0.7298124025973285 -0.12633839776430905 0.6718723586109657
  10  618 3947 82.313231 35.660764 -0.024584539234638214 0.015434241853654385 228 -0.7289519308102196 -0.12608403224427053 0.6728535497276348
  11  617 3948 82.299606 35.672388 -0.009272505529224873 0.014853125438094139 210 -0.7297894227721089 -0.1263082584065602 0.6719029857563169
  12  618 3948 82.313350 35.672105 -0.038253508508205414 0.012596751563251019 236 -0.728942710561315 -0.12605809531977646 0.6728683982205385
  13  623 3947 82.361792 35.665693 -0.05528794974088669 0.00998526532202959 869 -0.7262118759944092 -0.1252344907875331 0.6759679234119531
  14  625 3945 82.381996 35.648678 -0.08469907939434052 0.012700141407549381 228 -0.7252793111655446 -0.12495795950971374 0.6770195190320601
  15  626 3945 82.396189 35.648652 -0.10414670407772064 0.01150732021778822 224 -0.7245691638287037 -0.124729540000763 0.677821561090949
  16  625 3944 82.381822 35.637511 -0.09963785856962204 0.013147148303687572 236 -0.7254800925239522 -0.12501782232699743 0.6767933062996805
  17  620 3945 82.333407 35.643363 -0.042923472821712494 0.012580077163875103 901 -0.7278850603918426 -0.1257836195140139 0.6740636616227857
  18  625 3947 82.389530 35.665536 -0.07479023188352585 0.017010945826768875 921 -0.7247855242017515 -0.12478114532829453 0.6775807034428825
  19  623 3945 82.361071 35.643213 -0.06866028159856796 0.015924200415611267 876 -0.7264305811186695 -0.12532495637717692 0.6757161135600147
  20  619 3951 82.320420 35.699538 -0.014613666571676731 0.016536351293325424 3073 -0.7284501930158284 -0.1258624574256354 0.6734381620505201
  21  624 3951 82.376765 35.699453 -0.029359009116888046 0.015345104038715363 3153 -0.7252221197333462 -0.12488087457812369 0.6770950038318664
  22  618 3942 82.305877 35.621269 -0.01641436293721199 0.01606406830251217 913 -0.7300608625119207 -0.12641642731447747 0.6715876889382308
  23  620 3942 82.333353 35.621168 -0.053572915494441986 0.012462161481380463 910 -0.7283740407341918 -0.1259166133050141 0.6735104032443312
  24  618 3940 82.305339 35.599065 -0.019153177738189697 0.008277679793536663 915 -0.7303328463898023 -0.1265145599264743 0.6712734164338551
  25  625 3943 82.381567 35.626348 -0.11554540693759918 0.012982558459043503 227 -0.725698228089437 -0.12508131504940262 0.6765476674805432
  26  626 3944 82.392488 35.640240 -0.12055636942386627 0.009778966195881367 56 -0.7248884956835995 -0.12483021473729687 0.6774615017211003
  27  626 3944 82.399592 35.640287 -0.14136041700839996 0.017469294369220734 61 -0.7245268145789311 -0.12471465792720443 0.677869566402127
  28  626 3944 82.392190 35.634585 -0.11708037555217743 0.02000589482486248 58 -0.7250013881944148 -0.12486395957650981 0.677334465914032
  29  626 3944 82.399416 35.634340 -0.15947115421295166 0.014672479592263699 61 -0.7246342150092661 -0.12474723537231144 0.6777487600172132
  30  621 3929 82.344427 35.500042 -0.04029950127005577 0.014045034535229206 11314 -0.7295107101419185 -0.12628851999664267 0.6722092929328569
  31  619 3936 82.318964 35.565115 -0.028473882004618645 0.01182599924504757 3650 -0.7298613640474599 -0.12640152422549447 0.6718072967334108
  32  620 3940 82.333161 35.598801 -0.04837988689541817 0.017298106104135513 880 -0.7286666468446188 -0.1260161466863302 0.6731751990013811
  33  623 3942 82.360700 35.620751 -0.0668356642127037 0.017301859334111214 896 -0.7268971913331914 -0.1254566761279983 0.6751896738301262
  34  622 3939 82.353560 35.592758 -0.06435811519622803 0.016608648002147675 230 -0.7276217898475077 -0.12569477424070577 0.6743644079188101
  35  623 3939 82.366676 35.592994 -0.10318368673324585 0.018421581014990807 158 -0.7269441830663289 -0.12547892967102664 0.6751349442257016
  36  625 3940 82.380716 35.603832 -0.12395434081554413 0.013496986590325832 160 -0.7260925952212423 -0.12520382745867348 0.6761017266318583
  37  626 3940 82.396644 35.603496 -0.16924256086349487 0.014479810371994972 156 -0.7252586269519609 -0.12494152083560735 0.6770447107858106
  38  626 3943 82.395496 35.626527 -0.15718385577201843 0.014772972092032433 201 -0.7249680684790093 -0.12485080428829066 0.6773725535880395
  39  625 3942 82.381303 35.616287 -0.11994986236095428 0.013826348818838596 147 -0.7258938742510967 -0.1251386486200695 0.6763271412166421
  40  623 3937 82.367223 35.569860 -0.07594053447246552 0.011789953336119652 220 -0.7272015819031877 -0.12556837242851998 0.6748410502652858
  41  625 3938 82.380923 35.581303 -0.12465368211269379 0.015824653208255768 246 -0.7263470044885166 -0.12529394548360517 0.6758117018043637
  42  626 3938 82.394226 35.580796 -0.15209904313087463 0.012587257660925388 200 -0.7256794440813239 -0.12508042636689895 0.6765679798643264
  43  625 3937 82.380135 35.569941 -0.10443292558193207 0.013462850823998451 214 -0.7265463112574053 -0.12535843212855916 0.6755854654242697
  44  625 3939 82.380826 35.591529 -0.14466668665409088 0.015819523483514786 125 -0.7262314829288091 -0.12525307503817634 0.675943415084801
  45  626 3942 82.395855 35.615145 -0.16607995331287384 0.01312428992241621 199 -0.7251388973769559 -0.12490193950555709 0.6771802455909967
  46  622 3941 82.350561 35.607012 -0.0544046126306057 0.014134581200778484 59 -0.7276467540165067 -0.12569148450740383 0.6743380844143139
  47  622 3941 82.357440 35.606884 -0.07589101791381836 0.013778436928987503 56 -0.7272855540983694 -0.12557777292796712 0.67474880195987
  48  622 3940 82.350421 35.601005 -0.07307248562574387 0.008805200457572937 57 -0.7277084404852913 -0.12571587857666863 0.6742669675433921
  49  622 3940 82.357365 35.601067 -0.10181814432144165 0.012509937398135662 57 -0.7273456965035577 -0.1256010909491544 0.674679630439616
  50  623 3940 82.367383 35.603820 -0.1009383499622345 0.01497625932097435 215 -0.7267933817020994 -0.12542472673797225 0.6753073509423183
  51  626 3939 82.395346 35.592224 -0.16811524331569672 0.009814133867621422 203 -0.7254733232127933 -0.12501219064533445 0.6768016027586226
  52  622 3938 82.353455 35.581494 -0.0544985756278038 0.010436352342367172 236 -0.7277336250090498 -0.12573867748244236 0.6742355345249568
  53  623 3938 82.363285 35.584124 -0.08151409029960632 0.015211347490549088 35 -0.7272095568522705 -0.1255689570166138 0.6748323476660586
  54  624 3938 82.370870 35.584116 -0.1101132333278656 0.007050424814224243 50 -0.726824401836166 -0.12544554800708813 0.6752700966137184
  55  623 3938 82.363955 35.578486 -0.06599932163953781 0.01331655215471983 57 -0.7272351404728047 -0.12558028953508396 0.6748026684459573
  56  624 3938 82.370739 35.578379 -0.09426099061965942 0.014636613428592682 49 -0.7268950826763976 -0.12547092059343048 0.6751892970614315
  57  622 3937 82.353310 35.570098 -0.0424376055598259 0.012762784026563168 241 -0.7279016441598938 -0.12579305803076907 0.6740439918733723
  58  621 3964 82.348391 35.816151 -0.022053848952054977 0.006616533733904362 884 -0.7257243184102862 -0.124934684004349 0.6765467747322864
  59  631 3920 82.452105 35.415535 -0.020801225677132607 0.0039044066797941923 10490 -0.7244844140076118 -0.12479290550559403 0.6779004828110976
  60  628 3942 82.416335 35.620526 -0.2076103687286377 0.01533533725887537 811 -0.7239676167841061 -0.1245356367279249 0.6784996426179692
  61  630 3943 82.436013 35.626261 -0.18915417790412903 0.01805146038532257 133 -0.7228375647898108 -0.12418217111982005 0.679768080527987
  62  626 3937 82.395179 35.569999 -0.13976798951625824 0.011975424364209175 210 -0.7257825715377435 -0.12511405026012498 0.676451131479257
  63  623 3935 82.359657 35.553121 -0.062269266694784164 0.011286982335150242 928 -0.7278577273660508 -0.12577423113695324 0.6740949276588838
  64  625 3935 82.387967 35.552869 -0.10215206444263458 0.017308542504906654 763 -0.7264038721681821 -0.12531170457278956 0.6757472835284898
  65  621 3958 82.349179 35.766299 -0.021029992029070854 0.006064893212169409 12528 -0.7262461996220139 -0.12512458582579652 0.6759514002918441
  66  630 3927 82.443236 35.486894 -0.040412645787000656 0.01654922030866146 5248 -0.7242429549016196 -0.12466690145182688 0.678181617236689
  67  631 3943 82.447026 35.628159 -0.13026553392410278 0.012110517360270023 61 -0.7222197290664397 -0.12398988143280285 0.6804595302069608
  68  631 3943 82.454193 35.628093 -0.0852275937795639 0.012895727530121803 58 -0.7218350198374723 -0.12387053967113527 0.6808893401558124
  69  631 3943 82.447075 35.622597 -0.12654687464237213 0.012558198533952236 53 -0.7222912099347906 -0.12401363535414475 0.6803793253011041
  70  631 3943 82.453978 35.622622 -0.08049651235342026 0.014125104062259197 55 -0.7219184886320303 -0.12389810643699546 0.6807958247467238
  71  629 3942 82.433266 35.616963 -0.20394067466259003 0.009999033994972706 48 -0.7231124040807169 -0.1242696676176791 0.6794597124000786
  72  630 3942 82.440478 35.617086 -0.16418449580669403 0.010073576122522354 49 -0.7227211634228763 -0.12414842286740063 0.679897998997071
  73  629 3941 82.434023 35.612054 -0.1983163207769394 0.011872419156134129 49 -0.7231400279402301 -0.12427930353185014 0.6794285501097531
  74  630 3941 82.440109 35.611606 -0.164801687002182 0.011029297485947609 56 -0.7228168442521832 -0.12417932830636928 0.6797906325382059
  75  631 3942 82.446837 35.617297 -0.12368317693471909 0.014177289791405201 64 -0.722374612498424 -0.12404092053874424 0.6802857996824957
  76  631 3942 82.453904 35.617212 -0.07325327396392822 0.01449531875550747 64 -0.7219935757675453 -0.12392303126988392 0.680711656188784
  77  631 3941 82.446733 35.611526 -0.11817022413015366 0.015002341940999031 64 -0.7224588103290249 -0.1240685070127745 0.6801913502431439
  78  631 3941 82.453800 35.611441 -0.06674699485301971 0.014273426495492458 64 -0.7220766467079993 -0.12395031541501665 0.6806185683534126
  79  628 3940 82.415076 35.598127 -0.2066052258014679 0.015001535415649414 662 -0.7243646360772038 -0.12466120492251415 0.6780526955834679
  80  630 3939 82.440823 35.594559 -0.1457674354314804 0.021571118384599686 26 -0.7230304275924188 -0.1242470612056908 0.6795510786962768
  81  629 3939 82.432901 35.588624 -0.16895371675491333 0.00794410053640604 36 -0.7235547914763166 -0.12440903300369022 0.6789630742822107
  82  630 3939 82.440056 35.588962 -0.13287608325481415 0.010093680582940578 35 -0.7231554606803501 -0.1242862032907654 0.6794108619677472
  83  631 3939 82.446465 35.594214 -0.09809930622577667 0.014374458231031895 62 -0.7227256585553082 -0.1241533290426088 0.6798923248231544
  84  631 3939 82.453545 35.594092 -0.054059017449617386 0.011001506820321083 60 -0.7223383701547746 -0.12403421844765505 0.6803255041935612
  85  630 3940 82.437252 35.603288 -0.1810610443353653 0.018957551568746567 184 -0.7230958426273584 -0.12426633135809093 0.679477947593468
  86  631 3941 82.446630 35.605756 -0.11243757605552673 0.015407116152346134 64 -0.722548315459515 -0.1240970238110751 0.6800910678047835
  87  631 3941 82.453695 35.605671 -0.06169889494776726 0.013619009405374527 64 -0.7221645853932273 -0.12397850007184937 0.6805201269057093
  88  631 3940 82.446490 35.599957 -0.10653626918792725 0.01707600988447666 63 -0.7226405150286018 -0.12412627657096437 0.6799877598191202
  89  631 3940 82.453663 35.599946 -0.05727989971637726 0.012506015598773956 62 -0.7222482191086745 -0.12400534040595182 0.680426473283596
  90  629 3939 82.432773 35.593749 -0.18401150405406952 0.011377887800335884 35 -0.7234843747124046 -0.12438688649331994 0.6790421651234178
  91  631 3939 82.446110 35.588906 -0.09668897837400436 0.012622798793017864 51 -0.7228225701232246 -0.1241839865917509 0.6797836932397217
  92  631 3939 82.452908 35.589039 -0.05515000596642494 0.0097233597189188 39 -0.7224457200966419 -0.12406814374431395 0.6802053199011935
  93  630 3938 82.435056 35.580420 -0.14488594233989716 0.017844757065176964 192 -0.7235589112288586 -0.12441114624495611 0.6789582967099856
  94  631 3938 82.448092 35.580691 -0.07872168719768524 0.018073396757245064 135 -0.7228321707549891 -0.124188408652064 0.6797726767663571
  95  630 3937 82.436058 35.569621 -0.1201467216014862 0.01651492528617382 178 -0.7236512652385441 -0.12444260891838244 0.6788540958145874
  96  631 3937 82.448582 35.569289 -0.08316761255264282 0.007287942338734865 99 -0.7229583742257751 -0.12423068021305184 0.6796307285803274
  97  628 3948 82.423931 35.670488 -0.10368573665618896 0.017857220023870468 180 -0.722959100207251 -0.12419932138653829 0.6796356876994065
  98  627 3947 82.409921 35.659653 -0.10970468074083328 0.015225045382976532 192 -0.7237806258494341 -0.12446804325265955 0.678711508561521
  99  628 3947 82.423443 35.659458 -0.13492773473262787 0.012253621593117714 217 -0.7230892710197405 -0.12424865130824925 0.6794881741312512
 100  629 3951 82.431210 35.699037 -0.04273632913827896 0.019149433821439743 3469 -0.7221972908907826 -0.12395352073140807 0.6804899688667737
 101  627 3945 82.410113 35.648192 -0.1393585205078125 0.019533123821020126 187 -0.7238766022147646 -0.12450735005372034 0.6786019337937433
 102  628 3935 82.414694 35.552586 -0.11725135892629623 0.015630701556801796 778 -0.7250264706688908 -0.12487506140742315 0.6773055705277377
 103  633 3941 82.475293 35.609210 -0.025676367804408073 0.010835611261427402 1967 -0.7209430019103705 -0.1236007459856955 0.6818827198193566
 104  628 3937 82.415222 35.575313 -0.17263847589492798 0.016171807423233986 791 -0.7246879616728494 -0.124764458932837 0.6776881200033295
 105  630 3935 82.440450 35.550774 -0.07744821161031723 0.017546212300658226 445 -0.7236505814775535 -0.12444974635740719 0.6788535162748851
 106  634 3937 82.480125 35.572742 -0.03558868169784546 0.01269124448299408 573 -0.7211535882093241 -0.12367861153327085 0.6816458781963101
 107  627 3948 82.410089 35.671133 -0.0836455449461937 0.013248950242996216 209 -0.7236799055967447 -0.12442530143000276 0.6788267368036851
 108  628 3945 82.423498 35.648278 -0.16467700898647308 0.012942777015268803 184 -0.7231999792778394 -0.12429092987085369 0.6793626091597706
 109  627 3944 82.409340 35.637184 -0.17276979982852936 0.016397815197706223 215 -0.7240797072550483 -0.12457155615221586 0.67837342587933
 110  628 3944 82.423528 35.635738 -0.1941126137971878 0.010822831653058529 135 -0.723371206927906 -0.12434684389710693 0.6791700519019468
 111  634 3951 82.485200 35.697814 -0.029923852533102036 0.01239850465208292 2974 -0.7192753260576772 -0.12305293664561281 0.6837404332840884
 112  630 3948 82.437633 35.670902 -0.09947424381971359 0.010392180643975735 219 -0.722217431645623 -0.12396872491725892 0.6804658232928301
 113  631 3948 82.450287 35.671221 -0.08142716437578201 0.008121686056256294 199 -0.7215275014285332 -0.1237552797130881 0.6812361524650856
 114  630 3947 82.436984 35.659403 -0.1271478682756424 0.009790810756385326 204 -0.7223702057802897 -0.12402418166371998 0.6802935308847105
 115  631 3947 82.450671 35.659470 -0.09211816638708115 0.012879599817097187 130 -0.7216347304388819 -0.1237957579068954 0.681115207691518
 116  630 3945 82.436683 35.648332 -0.15460026264190674 0.012852128595113754 156 -0.7225049324264866 -0.12407304023638914 0.6801415318195893
 117  631 3945 82.451435 35.646909 -0.09686709195375443 0.018287833780050278 173 -0.7217358041348845 -0.12383408717316881 0.6810011364775831
 118  630 3944 82.437177 35.636468 -0.17030777037143707 0.013905826024711132 180 -0.7226363303766536 -0.12411718330941268 0.6799938667569743
 119  631 3944 82.447564 35.639468 -0.12126947939395905 0.013687657192349434 54 -0.7220401314065529 -0.12393094106973998 0.6806608336638567
 120  631 3964 82.461135 35.815610 -0.02268473617732525 0.003948294557631016 1014 -0.7194165527043378 -0.12300728795385041 0.6836000517885038
 121  641 3919 82.563578 35.412831 -0.027485620230436325 0.003012590343132615 9436 -0.7183038613876752 -0.12291095301956921 0.6847864341116701
 122  641 3964 82.562094 35.815086 -0.02623671293258667 0.002344826003536582 886 -0.7138215265075308 -0.12130418547299 0.6897420698211708
 123  647 3927 82.630733 35.478516 -0.03544474020600319 0.00784620177000761 967 -0.7137491260468056 -0.12149964219072296 0.6897825903971102
 124  647 3949 82.632595 35.674342 -0.040787145495414734 0.004636566154658794 1751 -0.7113186731028062 -0.1206574136712469 0.6924359420346612
 125  631 3944 82.454192 35.639635 -0.08527503162622452 0.009948925115168095 60 -0.7216832270597715 -0.12382003677786234 0.6810594087691052
 126  631 3944 82.447136 35.633888 -0.1274489313364029 0.01149801816791296 64 -0.722137410326952 -0.1239627083184509 0.6805518404593717
 127  631 3944 82.454100 35.633708 -0.08668860048055649 0.01138206198811531 60 -0.7217661705008168 -0.1238475301438367 0.68096650754487
 128  633 3946 82.478835 35.653635 -0.03351813182234764 0.015960488468408585 1502 -0.7201880533409868 -0.1233505723760609 0.6827252771938491
 129  632 3959 82.460885 35.766258 -0.021452080458402634 0.00869313720613718 12285 -0.7198977085776985 -0.12319599720515595 0.6830593205990285
 130  642 3949 82.575153 35.677254 -0.040527649223804474 0.008289875462651253 10707 -0.7145299257893709 -0.12162058077641877 0.688952407269938
 131  647 3957 82.633212 35.751426 -0.03235439956188202 0.0018977565923705697 1102 -0.7105022911342379 -0.12035114845579395 0.6933268315580827
 132  642 3927 82.566079 35.482899 -0.03406793996691704 0.008900368586182594 5904 -0.7173467936647279 -0.12258043117400612 0.6858480994448619
 133  647 3939 82.631798 35.585251 -0.049026936292648315 0.006999659352004528 1913 -0.7122759544399263 -0.12101438736990593 0.6913888072395867
 134  647 3919 82.628841 35.410797 -0.030616644769906998 0.00110229616984725 1362 -0.7146873142510608 -0.12181698633494631 0.6887544298869351
 135  642 3938 82.571965 35.584400 -0.04733581468462944 0.007171078119426966 12171 -0.715689918159302 -0.12203839514673107 0.6876733026337011
 136  641 3958 82.568253 35.758466 -0.028320569545030594 0.004508279263973236 10112 -0.7140527641952821 -0.12141819611949674 0.6894826115256022
