Number xind yind east north data err wgt Elos Nlos Ulos
********************************************************
   0  612 3929 82.239350 35.498469 0.0008826614357531071 0.007389363832771778 13430 0.7708515053475143 -0.13927434367178107 0.6216032608491252
   1  612 3919 82.239457 35.410969 0.005484483670443296 0.0013680194970220327 12414 0.7720659884063525 -0.1396801274503531 0.6200028802687735
   2  612 3938 82.241664 35.587972 -0.003759487997740507 0.010648850351572037 13017 0.7698715914385504 -0.13892691838238658 0.6228940873412167
   3  612 3948 82.242291 35.676152 -0.015616866759955883 0.008696886710822582 11675 0.7690072217868666 -0.13859063449379197 0.6240356791644633
   4  621 3919 82.343607 35.410882 0.00701520312577486 0.0009927942883223295 13574 0.7780595232188859 -0.14161093022392973 0.6120210149737615
   5  611 3958 82.237866 35.766348 -0.011202165856957436 0.0036988442298024893 9750 0.7678474154630591 -0.13815620122186517 0.6255583191283157
   6  624 3946 82.375704 35.654184 -0.051898833364248276 0.017260033637285233 3651 0.776453263834208 -0.1410635843032659 0.6141835183922808
   7  619 3942 82.323084 35.618596 -0.018962662667036057 0.009065932594239712 61 0.774019834050025 -0.14026965734732655 0.6174283114053285
   8  620 3942 82.330226 35.618807 -0.03843037411570549 0.015763938426971436 52 0.7744346456367093 -0.14040248965948485 0.6168777192725984
   9  619 3941 82.323001 35.612695 -0.05164974927902222 0.019010469317436218 61 0.7741130432542894 -0.1402984975996027 0.6173048904997246
  10  620 3941 82.329991 35.612529 -0.07604219764471054 0.008611048571765423 59 0.7745232010869065 -0.14043004333751236 0.6167602564257166
  11  621 3942 82.336813 35.618415 -0.026952430605888367 0.019899195060133934 54 0.7748277517744295 -0.14052818588152122 0.6163552417664928
  12  621 3942 82.343584 35.618280 -0.019613591954112053 0.016211025416851044 60 0.7752266342568132 -0.1406559851101799 0.6158242926286184
  13  621 3941 82.336717 35.612644 -0.06477157771587372 0.007777830585837364 56 0.7749135625566159 -0.1405552882908489 0.6162411715386193
  14  622 3929 82.346137 35.498706 -0.0021106319036334753 0.008442741818726063 14165 0.7770575060980437 -0.14126370847258468 0.6133728041617605
  15  618 3942 82.305850 35.621121 -0.008577696047723293 0.012418086640536785 924 0.7729640362043961 -0.13993302550005818 0.6188257809020313
  16  611 3964 82.234444 35.816753 -0.0076339892111718655 0.001428878284059465 635 0.7669913655623493 -0.13786733018791478 0.6266712410982805
  17  619 3951 82.321463 35.698407 -0.013224851340055466 0.013668471947312355 3208 0.7730957974828697 -0.13992142231433252 0.6186637887349313
  18  624 3951 82.376140 35.698759 -0.013020806945860386 0.016565950587391853 3326 0.7761839151436785 -0.140925567927683 0.6145555419785025
  19  619 3946 82.320036 35.654913 -0.017259784042835236 0.016425639390945435 3547 0.7732728312663623 -0.14003218466486358 0.6184174283469779
  20  620 3943 82.326879 35.626779 -0.015436150133609772 0.008978070691227913 233 0.7740876591334187 -0.14029518308789712 0.6173374746276769
  21  621 3943 82.340514 35.626708 -0.020842738449573517 0.012579526752233505 215 0.774879307830173 -0.14054975834595954 0.6162855050425284
  22  621 3941 82.343307 35.612577 -0.04925285652279854 0.007803063374012709 63 0.77529836477069 -0.1406789009912016 0.6157287490444163
  23  618 3940 82.305651 35.598858 -0.0012040467699989676 0.013327633030712605 934 0.773344707752754 -0.1400481132206908 0.6183239353074829
  24  620 3940 82.326304 35.604620 -0.046507883816957474 0.01505324151366949 228 0.7744284333596451 -0.1403997316562134 0.6168861458607976
  25  621 3940 82.340153 35.604516 -0.04651361331343651 0.017088310793042183 209 0.7752236571558309 -0.1406567584346107 0.6158278636864415
  26  619 3939 82.322722 35.596192 -0.003095062216743827 0.017269594594836235 60 0.774354309619028 -0.1403751673096655 0.6169847774274679
  27  620 3939 82.329802 35.596103 -0.03766143321990967 0.010750715620815754 62 0.7747544995307144 -0.14050539362562586 0.6164525122172998
  28  619 3939 82.322612 35.590397 0.002136350143700838 0.01474304310977459 60 0.7744383737716027 -0.14040188267461218 0.616873177056208
  29  620 3939 82.329553 35.590363 -0.012667836621403694 0.011462651193141937 55 0.7748249887757929 -0.14052836587790207 0.6163586741113318
  30  621 3939 82.339844 35.593190 -0.0291974488645792 0.008330238051712513 226 0.7753589418561974 -0.14070279987079887 0.6156470038846579
  31  623 3937 82.359934 35.576033 -0.032945096492767334 0.013882608152925968 877 0.7766789649869029 -0.1411420169657204 0.6138800504933527
  32  625 3937 82.388061 35.575830 -0.06298612803220749 0.01501431968063116 938 0.7782925287363871 -0.1416653664232246 0.6117120757916208
  33  623 3935 82.359541 35.553189 -0.01853116601705551 0.009673086926341057 966 0.7769452947483654 -0.1412354948065273 0.6135214291083328
  34  625 3935 82.387456 35.552896 -0.04057784751057625 0.01056465320289135 1010 0.7785857841768528 -0.14176250761291592 0.6113162586689584
  35  623 3942 82.360893 35.620490 -0.02977619133889675 0.009780515916645527 927 0.7761794876596723 -0.1409651505900957 0.6145520557735369
  36  625 3942 82.388634 35.620371 -0.06068243831396103 0.01595216616988182 976 0.7778124947325873 -0.14148886680398876 0.6123631468404936
  37  629 3926 82.426234 35.472580 0.006113030016422272 0.00364178535528481 3227 0.7820528793420283 -0.14288339270945186 0.6066115973179869
  38  634 3926 82.484630 35.471851 0.020756920799613 0.005906642880290747 2780 0.7853819304085732 -0.14397404000851916 0.602035463400063
  39  627 3943 82.409379 35.625859 -0.09955350309610367 0.012049308978021145 218 0.7789606119093442 -0.1418561218276883 0.6108168348971957
  40  628 3943 82.423089 35.625724 -0.13936349749565125 0.012132873758673668 240 0.779791212879456 -0.14212035173979518 0.6096945710249877
  41  627 3942 82.408851 35.614976 -0.1082170233130455 0.0113309221342206 218 0.7791230757823919 -0.14190476328756296 0.6105982893357023
  42  628 3942 82.423046 35.614595 -0.1484622210264206 0.010811101645231247 249 0.7799731293800636 -0.14217698378337837 0.6094486218930449
  43  630 3942 82.443746 35.619706 -0.1714242845773697 0.01593589223921299 961 0.7811261145920282 -0.14254658158743763 0.607883595090456
  44  622 3964 82.354636 35.816091 -0.0018021161668002605 0.006375066004693508 1111 0.7737052075668507 -0.14005389187966127 0.6178714746234014
  45  631 3919 82.453346 35.410935 0.01224831398576498 0.0032741634640842676 13057 0.7843205167903178 -0.14365072743588786 0.6034946523780547
  46  629 3931 82.425242 35.520216 -0.02375428006052971 0.015304041095077991 3040 0.7813649698959743 -0.14264890954938267 0.6075525264730905
  47  623 3940 82.360496 35.598367 -0.041522055864334106 0.01295429840683937 925 0.7764554394097952 -0.14105894073451028 0.6141818345162936
  48  625 3940 82.387988 35.598080 -0.06546004116535187 0.018734529614448547 938 0.7780502807914974 -0.141573930863782 0.6120413243074762
  49  619 3936 82.318444 35.564535 -0.0039992970414459705 0.011866920627653599 3681 0.7744839543666988 -0.14043087083293493 0.6168093505659789
  50  622 3959 82.350385 35.767565 -0.005624161567538977 0.00599724892526865 13533 0.7740665766187373 -0.14018757713584185 0.6173883528044004
  51  634 3931 82.478912 35.514779 0.013249761424958706 0.019498758018016815 1230 0.7845392196730759 -0.14368213047995035 0.6032028333616343
  52  627 3940 82.408919 35.603337 -0.11629355698823929 0.012050998397171497 196 0.7792571124172443 -0.1419542196337864 0.6104157208618574
  53  628 3940 82.422720 35.603344 -0.15610584616661072 0.01130003109574318 239 0.7800839545927991 -0.14221821021009934 0.6092971397204289
  54  627 3939 82.408814 35.592318 -0.11216304451227188 0.012571051716804504 238 0.779365121756962 -0.14199616698586356 0.6102680522115496
  55  628 3939 82.422424 35.592171 -0.1548956334590912 0.013727211393415928 252 0.7801889806278695 -0.14225842919554527 0.6091532597217731
  56  630 3940 82.436881 35.603319 -0.18843987584114075 0.00690731406211853 231 0.7809308661586498 -0.14248913856886006 0.608147866616833
  57  631 3941 82.447026 35.605598 -0.18265727162361145 0.006525371689349413 56 0.7815086464504442 -0.14267323552758804 0.607361987110886
  58  631 3941 82.453650 35.605518 -0.14732956886291504 0.013461622409522533 64 0.7819036657165827 -0.14280008326770627 0.6068235276896461
  59  631 3940 82.446929 35.600188 -0.17998138070106506 0.007890994660556316 49 0.7815681253054957 -0.14269470809534576 0.607280401287607
  60  631 3940 82.453608 35.600107 -0.14349408447742462 0.012853468768298626 55 0.7819680821012032 -0.1428229110462119 0.6067351437449885
  61  630 3939 82.436451 35.591831 -0.18621045351028442 0.004932426381856203 218 0.7810384693233297 -0.14252942888146278 0.6080002231412374
  62  631 3939 82.446831 35.594778 -0.17542783915996552 0.00847554486244917 56 0.7816276023869596 -0.14271617459900843 0.6071988016248372
  63  631 3939 82.453475 35.594669 -0.13851428031921387 0.012511728331446648 63 0.7820273437817427 -0.14284411799017624 0.6066537657785374
  64  631 3939 82.446680 35.589054 -0.17149567604064941 0.011264277622103691 55 0.7816876050995539 -0.14273795501080766 0.6071164338354352
  65  631 3939 82.453321 35.588964 -0.13392257690429688 0.012141363695263863 60 0.7820886703237592 -0.14286611584116932 0.6065695217332238
  66  632 3943 82.460442 35.628321 -0.1123625859618187 0.0115136057138443 32 0.7820058354296031 -0.14282638679964627 0.6066856653884335
  67  632 3942 82.467992 35.616888 -0.04337840899825096 0.014208639971911907 64 0.7826034079375942 -0.14302201080608415 0.6058684760816062
  68  632 3941 82.460821 35.611203 -0.09629355370998383 0.015760047361254692 64 0.7822577027318082 -0.14291178810137287 0.6063407518371352
  69  632 3941 82.467887 35.611118 -0.04430472478270531 0.01437191478908062 64 0.7826714142772128 -0.14304577666126972 0.6057750102576713
  70  633 3942 82.474994 35.616797 0.004710627254098654 0.013830267824232578 61 0.7829992144002715 -0.14315221595582842 0.6053260884147432
  71  634 3942 82.481519 35.616493 0.04087061807513237 0.007517900783568621 44 0.7833696120205513 -0.1432743619826579 0.6048177478887613
  72  633 3941 82.474946 35.611060 0.0025679052341729403 0.013072710484266281 63 0.7830686122730958 -0.14317664173489983 0.6052305327180744
  73  634 3941 82.481421 35.610637 0.03730488941073418 0.007674086838960648 47 0.7834361578389905 -0.14329809022020412 0.6047259246383627
  74  633 3943 82.469587 35.627885 -0.036887653172016144 0.009228220209479332 26 0.7825530749511148 -0.1430026735017342 0.6059380498499094
  75  632 3943 82.460490 35.622698 -0.10812170058488846 0.01368865929543972 54 0.7820854207784625 -0.14285322856866048 0.6065767467462673
  76  633 3943 82.468716 35.622207 -0.041203971952199936 0.012802599929273129 43 0.7825765002073043 -0.14301180889021134 0.6059056393872206
  77  633 3943 82.475688 35.628112 0.004979229066520929 0.013180078938603401 43 0.7828946038494549 -0.1431148767711769 0.6054702067898766
  78  634 3943 82.481752 35.627887 0.04250417649745941 0.007923297584056854 45 0.7832395139212504 -0.14322838901466586 0.6049971011605485
  79  633 3943 82.474752 35.622245 0.0007113635656423867 0.013091713190078735 51 0.782916363091437 -0.14312355341438213 0.6054400192105884
  80  634 3943 82.481835 35.622851 0.04224161431193352 0.007481351029127836 23 0.7833075443616391 -0.14325215078318454 0.6049033908337187
  81  632 3942 82.460299 35.616709 -0.10259631276130676 0.014533845707774162 49 0.7821555472438952 -0.1428771923217709 0.6064806739129044
  82  628 3935 82.415174 35.552585 -0.07184793800115585 0.015197445638477802 992 0.7802678473963965 -0.14229702516327936 0.6090432192784635
  83  630 3935 82.441702 35.551880 -0.07368627190589905 0.01939295418560505 858 0.7818779445874756 -0.1428104596469288 0.6068542266336268
  84  633 3953 82.479954 35.715198 0.0015119308372959495 0.01567785069346428 218 0.7818891495307366 -0.1427811407353024 0.6068466887908569
  85  632 3939 82.460519 35.594613 -0.09312272071838379 0.01409093476831913 211 0.7824500251643881 -0.1429795107737432 0.6060765773556586
  86  632 3939 82.467584 35.594527 -0.04640713334083557 0.012943954207003117 64 0.7828663804036495 -0.14311398910410356 0.6055069087602543
  87  632 3939 82.460414 35.588842 -0.09183202683925629 0.01274307444691658 64 0.7825169096434801 -0.14300305736294552 0.6059846629303978
  88  633 3952 82.480016 35.703936 -0.02588423527777195 0.01805516518652439 64 0.7820249655897036 -0.14283021571295237 0.6066601047323077
  89  632 3941 82.460716 35.605433 -0.09672533720731735 0.015511664561927319 235 0.7823246049720146 -0.1429353394311303 0.60624887727491
  90  632 3941 82.467781 35.605347 -0.04488706588745117 0.013941683806478977 206 0.782739249465332 -0.14306950366277008 0.6056817518038144
  91  632 3940 82.460617 35.600023 -0.09491682052612305 0.01513067539781332 64 0.7823873250217359 -0.14295741919835792 0.6061627256285871
  92  632 3940 82.467683 35.599937 -0.044352032244205475 0.013402882032096386 64 0.7828028213376418 -0.1430917516554115 0.605594330813965
  93  633 3940 82.477767 35.602693 0.014345857314765453 0.018984753638505936 56 0.7833297985027748 -0.14326529803043536 0.6048714583759534
  94  635 3942 82.497870 35.619040 0.07923270761966705 0.011030715890228748 56 0.7842547296259059 -0.14356580513914552 0.6036003467975694
  95  632 3939 82.467520 35.588686 -0.046853430569171906 0.013313166797161102 219 0.7829373111797693 -0.14313878320203624 0.6054093288891687
  96  633 3939 82.474649 35.594441 -0.0010046465322375298 0.012887437827885151 395 0.7832593592678931 -0.1432441718186854 0.6049676713339552
  97  634 3939 82.481288 35.594386 0.03339608013629913 0.006900030188262463 62 0.7836266319259854 -0.1433661011154752 0.604462954023887
  98  633 3939 82.474455 35.588719 -0.00476539833471179 0.01183848362416029 64 0.7833200233005868 -0.1432657477113947 0.6048840108889166
  99  634 3939 82.481197 35.588535 0.030340835452079773 0.00742335757240653 54 0.7836927179274601 -0.1433897992073477 0.6043716483677465
 100  635 3940 82.492310 35.596579 0.06272796541452408 0.014436549507081509 60 0.784209038705708 -0.14355888700034128 0.6036613533890441
 101  627 3938 82.408612 35.580790 -0.10148477554321289 0.01115196943283081 54 0.7794762882891187 -0.14203899141289167 0.6101160880631056
 102  628 3938 82.422291 35.580640 -0.13937294483184814 0.01353385578840971 311 0.7803104989844781 -0.14230375554052566 0.6089870001351894
 103  627 3937 82.408409 35.569620 -0.08873583376407623 0.009137614630162716 237 0.7796154821112619 -0.14208635657227983 0.6099271819885056
 104  628 3937 82.421913 35.569452 -0.11583396792411804 0.010072413831949234 256 0.7804383195472478 -0.14234765451114612 0.6088129225282947
 105  630 3938 82.436131 35.580388 -0.1649455428123474 0.00825971458107233 225 0.781154113749438 -0.1425720181526137 0.6078416489614881
 106  631 3938 82.446305 35.583211 -0.16255153715610504 0.010293475352227688 233 0.7817354816341794 -0.14275595238166555 0.6070505537546119
 107  631 3938 82.453804 35.583344 -0.1240837424993515 0.010278795845806599 238 0.7821873534081121 -0.14289997475184565 0.6064342844730457
 108  631 3938 82.446467 35.577445 -0.14773297309875488 0.011526902206242085 50 0.7818178062286519 -0.14278449681425687 0.6069378101035702
 109  631 3938 82.452875 35.577296 -0.11731256544589996 0.011304253712296486 39 0.7822081325301031 -0.14290890146129656 0.6064053786757617
 110  630 3937 82.436170 35.569258 -0.13567954301834106 0.011534199118614197 51 0.7813055472627317 -0.14262356112475505 0.6076348917142403
 111  631 3937 82.449513 35.569263 -0.10945385694503784 0.01660391129553318 35 0.7821129779256998 -0.14288083360835857 0.6065347122363026
 112  635 3952 82.500697 35.709195 0.012246145866811275 0.013048026710748672 233 0.7831788794285982 -0.14320099326425872 0.605082075709647
 113  633 3950 82.472453 35.687082 -0.0499623641371727 0.01568634994328022 149 0.7817963582961656 -0.1427617622244263 0.6069707846358258
 114  635 3950 82.500092 35.686915 0.012860110960900784 0.019552644342184067 908 0.7834203594689586 -0.1432872715890239 0.604748954666398
 115  632 3938 82.460216 35.583150 -0.08880020678043365 0.010871372185647488 929 0.7825770961660886 -0.1430244561859736 0.6059018843748211
 116  632 3938 82.467462 35.583020 -0.04763936996459961 0.01200433261692524 965 0.7830064280890029 -0.14316292835820907 0.605314223783981
 117  632 3938 82.460604 35.577696 -0.07944446802139282 0.010344632901251316 51 0.7826707742724388 -0.1430563144339449 0.6057733487042471
 118  632 3938 82.466686 35.577583 -0.04662088677287102 0.009073768742382526 60 0.7830334209326302 -0.14317296081073616 0.605276932482339
 119  633 3938 82.474086 35.583004 -0.010940593667328358 0.014643211849033833 36 0.7833709828170166 -0.14328408756810934 0.6048136684385331
 120  634 3938 82.481241 35.582941 0.028240924701094627 0.00848002266138792 42 0.7837630953936471 -0.14341483515568684 0.6042744371196219
 121  633 3938 82.474098 35.577153 -0.012269619852304459 0.009974271059036255 50 0.7834462964855169 -0.14331034500035222 0.6047098854318556
 122  634 3938 82.480751 35.577133 0.02348843216896057 0.008904887363314629 49 0.7838094882705173 -0.14343154609799086 0.6042102925977427
 123  632 3937 82.464066 35.569298 -0.04815379157662392 0.01914895512163639 51 0.7829861598071036 -0.14316026261346743 0.6053410714291306
 124  633 3937 82.476205 35.569229 -0.0007660766714252532 0.014959055930376053 39 0.7836677377489605 -0.14338496480392965 0.604405185847708
 125  635 3937 82.496557 35.575851 0.04745366796851158 0.00837972853332758 133 0.7846912995814554 -0.14372592574929371 0.6029945461019319
 126  632 3935 82.466017 35.553257 -0.023802755400538445 0.01922314427793026 103 0.7833041343986439 -0.14326842297352463 0.6049039527170162
 127  630 3950 82.444909 35.687444 -0.06430481374263763 0.014955118298530579 220 0.7802063074650998 -0.14224421330595466 0.6091343871204813
 128  628 3947 82.417370 35.665422 -0.07862675935029984 0.019743476063013077 303 0.7788323269301012 -0.14181402296865778 0.610990171294178
 129  630 3947 82.444242 35.665370 -0.10371868312358856 0.014225528575479984 929 0.7804690460463903 -0.14233349881733123 0.6087768419362338
 130  635 3934 82.492519 35.549267 0.017017029225826263 0.01730448752641678 928 0.7848397936300928 -0.14377620112899878 0.6027892685869473
 131  628 3952 82.417818 35.710185 -0.020571010187268257 0.014573480933904648 910 0.7784475001882404 -0.14165387179716948 0.611517514103685
 132  633 3948 82.479258 35.670847 -0.01995072327554226 0.015431368723511696 113 0.7824613922180426 -0.1429741192441172 0.6060631740293843
 133  632 3947 82.462721 35.662500 -0.08656658977270126 0.0063563743606209755 903 0.781638935202569 -0.14270541097663395 0.6071867428175488
 134  632 3947 82.468398 35.661284 -0.05931757390499115 0.013443447649478912 192 0.7820021232764337 -0.1428211886359496 0.6066916739726728
 135  632 3946 82.461479 35.656135 -0.09600891172885895 0.010247720405459404 27 0.7816725103186338 -0.14271495631679348 0.607141275038735
 136  632 3946 82.468630 35.656136 -0.054740916937589645 0.012831311672925949 25 0.7821084151574702 -0.14285358108684623 0.6065470149217899
 137  633 3947 82.478738 35.658564 -0.0037708550225943327 0.019161731004714966 47 0.7826454819303302 -0.14302984919942247 0.6058122744316358
 138  635 3948 82.499126 35.667250 0.0394350104033947 0.01852104626595974 44 0.7836714531744704 -0.14336719452656738 0.6044045838782126
 139  630 3952 82.445402 35.709790 -0.02896142192184925 0.01266513578593731 121 0.7799920931171822 -0.14216216452835717 0.609427808400051
 140  628 3950 82.417616 35.687896 -0.038559772074222565 0.010809332132339478 523 0.7786348472403873 -0.14173297576050922 0.6112606140141942
 141  627 3945 82.409644 35.648711 -0.07652346789836884 0.012391885742545128 926 0.7785365983539309 -0.14173179072155584 0.6113860192401779
 142  628 3945 82.423492 35.648447 -0.10838118195533752 0.01079426147043705 938 0.779412331535706 -0.14200583769643607 0.6102055059651692
 143  627 3944 82.409680 35.637093 -0.08674828708171844 0.012209683656692505 220 0.7787613545280434 -0.1417980655605814 0.6110843323935938
 144  628 3944 82.423287 35.636905 -0.12285149097442627 0.013653826899826527 256 0.7796038674699044 -0.14206382934273426 0.6099472749496027
 145  630 3945 82.444016 35.642271 -0.1443118155002594 0.013580542989075184 232 0.7807960896696345 -0.14244047494754578 0.6083322919698785
 146  632 3948 82.465329 35.670662 -0.07046166062355042 0.012595150619745255 256 0.7816515515384196 -0.1427117034740217 0.6071690223233761
 147  632 3946 82.461428 35.650762 -0.09972301870584488 0.01213404443114996 976 0.7817582472710569 -0.14274169503588782 0.6070245887292923
 148  632 3946 82.468573 35.650824 -0.05264555290341377 0.014667238108813763 232 0.7821958881257737 -0.14288049264157082 0.6064278666268844
 149  632 3945 82.461438 35.645106 -0.10212205350399017 0.012406873516738415 59 0.7818377937823668 -0.14276830174491822 0.6069158724488867
 150  632 3945 82.468139 35.645344 -0.055044226348400116 0.01643906906247139 55 0.7822445115337591 -0.142897406363404 0.606361159235915
 151  633 3946 82.475365 35.650766 -0.008979442529380322 0.011599518358707428 64 0.7825851539422263 -0.1430077263466976 0.6058954258239371
 152  634 3946 82.481456 35.650460 0.022553907707333565 0.00686438987031579 52 0.7829364222225557 -0.14312281430037116 0.6054142538659669
 153  633 3945 82.475294 35.644750 -0.0018362670671194792 0.011890278197824955 50 0.7826607450288684 -0.14303369955834463 0.6057916465101759
 154  634 3945 82.481116 35.644465 0.03694732487201691 0.019634636119008064 27 0.7829946965283345 -0.1431433416954054 0.605334030876155
 155  632 3944 82.461333 35.639335 -0.10453594475984573 0.013680998235940933 54 0.7819098964028464 -0.14279284187499017 0.6068172032964739
 156  632 3944 82.467705 35.639162 -0.05612695962190628 0.016835611313581467 18 0.7822995646581393 -0.14291699137843647 0.6062855141853725
 157  632 3944 82.461442 35.633669 -0.10471879690885544 0.015133241191506386 64 0.7819936304731139 -0.1428210655004017 0.6067026496965454
 158  632 3944 82.468470 35.633699 -0.049622587859630585 0.01676495000720024 49 0.7824139867724288 -0.14295575210111602 0.6061287043558305
 159  633 3944 82.475977 35.639144 0.007270320784300566 0.014194519259035587 54 0.7827707593835505 -0.1430712886794949 0.6056406068038109
 160  634 3944 82.481359 35.638560 0.037298932671546936 0.006064755842089653 52 0.7830829196133527 -0.14317395560492374 0.6052126563830823
 161  633 3944 82.475252 35.633412 0.0019315375247970223 0.015354827046394348 54 0.7828025955492727 -0.14308324928279575 0.6055966315758364
 162  634 3944 82.481956 35.633347 0.04307440668344498 0.00721970247104764 34 0.7831823138814986 -0.1432080796947159 0.60507595319379
 163  635 3945 82.498076 35.641668 0.0735066831111908 0.01201562024652958 59 0.7839895865948426 -0.1434712010430055 0.6039671701194738
 164  632 3958 82.461117 35.765897 0.0015236855251714587 0.007570335641503334 51 0.7803322593915846 -0.14223622525309768 0.6089748937177746
 165  632 3964 82.463996 35.815513 0.004580534994602203 0.0032071357127279043 265 0.7798932738787234 -0.14207488926154002 0.6095746116760833
 166  642 3919 82.564600 35.409584 0.017375880852341652 0.002927956869825721 13864 0.7906778376022963 -0.14574031992088968 0.5946329256557472
 167  641 3964 82.566122 35.814947 0.0069380817003548145 0.0009716092608869076 1224 0.7857437748649614 -0.14399052827315817 0.6015591808197908
 168  647 3919 82.629529 35.408576 0.01645416021347046 0.00219807680696249 12972 0.7944018794516904 -0.14697019623084906 0.5893432067509454
 169  647 3927 82.630708 35.483921 0.025426039472222328 0.004213458858430386 1361 0.7934968697848481 -0.14665397285981263 0.5906397632111143
 170  642 3949 82.572826 35.676843 0.0418996699154377 0.013718993403017521 2436 0.7877479933506878 -0.1447056358555078 0.5987598666607657
 171  641 3958 82.567146 35.761601 0.01466780062764883 0.005954451393336058 1695 0.7864285200540937 -0.14423735526842762 0.6006045023063824
 172  642 3928 82.567635 35.488397 0.03323805332183838 0.010467558167874813 13090 0.7898723009260279 -0.14545122571894728 0.5957731860084662
 173  642 3939 82.574339 35.584713 0.05848192423582077 0.012008697725832462 12823 0.7889355572207636 -0.14513060734254432 0.5970911097689762
 174  647 3938 82.631375 35.583206 0.043475642800331116 0.005171050783246756 9777 0.7921845913412873 -0.14620721654218474 0.5925090911306122
 175  647 3948 82.632230 35.672599 0.03074028715491295 0.0059432582929730415 12799 0.7911218100949959 -0.14582972984445156 0.594020177675398
 176  647 3957 82.633216 35.754637 0.015794839709997177 0.004251271486282349 2295 0.7902209513007021 -0.1454991065324409 0.5952989653305932
