Number xind yind east north data err wgt Elos Nlos Ulos
********************************************************
   0  794 3963 60.262982 35.766832 -0.0267037320882082 0.00706167658790946 15603 -0.8131451671804862 -0.15307998812689289 0.5615705248017292
   1  786 3953 60.162100 35.679721 -0.01845223270356655 0.0038418627809733152 11903 -0.8198034633768267 -0.15540286952481505 0.551155358840693
   2  795 3998 60.279393 36.085857 -0.01968506909906864 0.001583893783390522 1392 -0.8085034000895011 -0.1513912957816857 0.5686852623422365
   3  804 3933 60.361969 35.499378 -0.008645852096378803 0.0027579437009990215 13649 -0.8110858611384791 -0.1524013312754267 0.5647243222021957
   4  794 3973 60.266675 35.856850 -0.02426621876657009 0.004099668003618717 15607 -0.8119132746240194 -0.15262648394241163 0.5634731501044913
   5  805 3961 60.379600 35.746690 0.030431991443037987 0.00748244347050786 243 -0.8069348964721873 -0.15094800941888672 0.5710260688514106
   6  806 3961 60.393377 35.746315 0.04481901228427887 0.006032631266862154 244 -0.8061780376663364 -0.1506888307540487 0.5721624313693033
   7  795 3983 60.270393 35.946861 -0.025994310155510902 0.0012140718754380941 15604 -0.8106463674297204 -0.15216589933876937 0.5654184344814221
   8  785 3998 60.174519 36.087306 -0.01928105019032955 0.0011498526437208056 828 -0.8142371600396007 -0.15338092146085097 0.5599036882736763
   9  794 3933 60.251857 35.500911 -0.007241020444780588 0.001257908996194601 14176 -0.8171831482044364 -0.15450033219272352 0.5552849265404421
  10  801 3963 60.335643 35.767727 0.00047607606393285096 0.00568759348243475 61 -0.809132816381111 -0.1516942414258515 0.5677085014101927
  11  802 3963 60.342419 35.767336 0.014520101249217987 0.0034266060683876276 58 -0.8087641855150397 -0.15156750351412704 0.5682673526665856
  12  808 3961 60.414385 35.751343 0.050289154052734375 0.005273170303553343 972 -0.804973403452138 -0.15027323172778942 0.5739649602203671
  13  805 3959 60.379134 35.735469 0.01371542364358902 0.006516520399600267 244 -0.8070833279767895 -0.15100333028975832 0.5708016257363955
  14  806 3959 60.392978 35.735027 0.026993244886398315 0.006394608877599239 245 -0.8063260087339866 -0.1507436470365121 0.5719394378054815
  15  805 3942 60.365860 35.583764 -0.01781897246837616 0.00598157336935401 15604 -0.8097245912372886 -0.1519336691233578 0.5668000057624558
  16  804 3952 60.369624 35.673756 -0.02655215375125408 0.008770729415118694 15583 -0.808328609341733 -0.15144905706707526 0.5689183091034722
  17  795 3993 60.274110 36.036873 -0.022495431825518608 0.002566220238804817 15606 -0.809374014493884 -0.15170415273860613 0.5673619256734767
  18  785 3993 60.169352 36.039952 -0.018766434863209724 0.001948945689946413 13898 -0.8150934427797775 -0.15368812610718924 0.5585719644155714
  19  805 3962 60.380178 35.757939 0.04919220507144928 0.0064488560892641544 244 -0.8067795584601907 -0.15089035664610947 0.5712607498524553
  20  806 3962 60.394009 35.757585 0.057922299951314926 0.003238522447645664 243 -0.8060170351711575 -0.1506296502723702 0.5724047933697974
  21  786 3933 60.158483 35.502314 -0.0069310711696743965 0.0013976235641166568 10158 -0.822276136252893 -0.15627795068035513 0.5472103415325428
  22  786 3943 60.160293 35.589813 -0.010859839618206024 0.0037141109351068735 11365 -0.8210882240091623 -0.15585247204318436 0.5491121336771828
  23  785 3983 60.167541 35.949905 -0.02098057232797146 0.0023831077851355076 13396 -0.8162733545590979 -0.154117353438961 0.5567276282041406
  24  786 3963 60.163877 35.769775 -0.02484182082116604 0.0019094832241535187 12402 -0.8185497748468381 -0.15495939134617318 0.5531399941532107
  25  785 3973 60.165680 35.859843 -0.023256301879882812 0.0018558595329523087 12900 -0.8174288890373542 -0.1545420931976919 0.5549114819475561
  26  795 3952 60.259324 35.676783 -0.02927841991186142 0.006143538281321526 15590 -0.814417036987359 -0.1535411192973976 0.5595980830467819
  27  808 3963 60.408069 35.768456 0.06060190126299858 0.0036660663317888975 244 -0.805123919075095 -0.15031937404798734 0.5737417195210588
  28  809 3963 60.421901 35.767957 0.04556676372885704 0.005340826231986284 246 -0.8043702245114026 -0.1500612618817397 0.5748653404075911
  29  801 3961 60.331558 35.753708 -0.018220240250229836 0.009303729981184006 976 -0.8095098948905435 -0.15182966658513833 0.5671344482739054
  30  803 3962 60.352486 35.758655 0.013316652737557888 0.0077584669925272465 243 -0.8083051565608794 -0.15141289728819157 0.5689612538757693
  31  804 3962 60.366348 35.758434 0.032947659492492676 0.008383414708077908 246 -0.8075406749674403 -0.15115078488755637 0.5701153378931376
  32  803 3966 60.361033 35.797913 0.06905468553304672 0.0095005938783288 975 -0.8073797413197064 -0.15108321841464403 0.5703611263226106
  33  800 3964 60.325887 35.782007 0.0010651926277205348 0.00658791558817029 244 -0.8094919971472515 -0.15181560584527964 0.5671637579891587
  34  801 3964 60.339724 35.781655 0.02797362394630909 0.0098959282040596 244 -0.8087387750381104 -0.1515557077965634 0.5683066612174621
  35  803 3963 60.352919 35.769885 0.03218521177768707 0.008064379915595055 243 -0.808154401445564 -0.15135730373493755 0.569190152787495
  36  804 3963 60.366680 35.769721 0.052250936627388 0.006732643581926823 243 -0.8073958906655699 -0.15109707759197025 0.5703345937951837
  37  803 3961 60.352024 35.747445 -0.0034790444187819958 0.006051254458725452 244 -0.8084480833087623 -0.1514671285506475 0.5687437081524597
  38  804 3961 60.365830 35.747140 0.01360856369137764 0.007049241103231907 243 -0.8076904228589514 -0.15120694487908937 0.5698882703146824
  39  803 3964 60.353527 35.781139 0.05332708731293678 0.008678841404616833 245 -0.807987294174844 -0.15129699690617202 0.5694433695980555
  40  804 3964 60.367348 35.780944 0.06932283192873001 0.005924598313868046 243 -0.8072289902483271 -0.15103640449637223 0.5705868573841097
  41  800 3966 60.326202 35.793280 0.011742674745619297 0.008247670717537403 244 -0.8093347697409639 -0.15175956458302142 0.5674030886820347
  42  801 3966 60.339987 35.792913 0.040741052478551865 0.009870627894997597 243 -0.8085877660876946 -0.1515013447332321 0.5685359857364651
  43  794 3943 60.255655 35.586805 -0.015568877570331097 0.00444855447858572 15603 -0.8158390457733039 -0.1540319313999373 0.5573874913387543
  44  800 3967 60.326839 35.804528 0.016570016741752625 0.006741181947290897 245 -0.8091722680408998 -0.1516998654673406 0.5676507653925404
  45  801 3967 60.340651 35.804136 0.04316486045718193 0.008261320181190968 243 -0.8084231430352473 -0.15144111218085593 0.568786085753192
  46  800 3963 60.325340 35.770741 -0.010998117737472057 0.005047347396612167 244 -0.809662151327714 -0.15187610363461052 0.5669046214771467
  47  801 3963 60.335753 35.773400 0.008402698673307896 0.007092660292983055 62 -0.8090573452076144 -0.15166712436108162 0.5678232960645831
  48  802 3963 60.342932 35.773001 0.023751867935061455 0.0044392808340489864 62 -0.8086673998723983 -0.15153296243591816 0.5684142834931308
  49  805 3958 60.378727 35.724250 -0.0021841770503669977 0.005339100956916809 243 -0.8072352112409855 -0.15105887928840087 0.5705721065043872
  50  806 3958 60.392491 35.723751 0.009122515097260475 0.0055024279281497 243 -0.8064865480932435 -0.15080160877975138 0.5716977545295094
  51  808 3959 60.413412 35.728861 0.0276519563049078 0.008973362855613232 974 -0.8052882406721085 -0.15038770834695112 0.5734931443473171
  52  802 3975 60.350573 35.877067 -0.02785651758313179 0.0009646299877204001 3899 -0.8070267141536972 -0.15094019598099062 0.5708983621271889
  53  808 3964 60.408713 35.779703 0.05265513062477112 0.006912535522133112 243 -0.8049633713156215 -0.1502601852852807 0.57398244533977
  54  809 3964 60.422489 35.779248 0.03247050195932388 0.007229497656226158 243 -0.8042107244344401 -0.1500026796145093 0.5751037356973957
  55  805 3967 60.382028 35.802905 0.059374015778303146 0.009106029756367207 243 -0.8061716625155019 -0.15066605871149116 0.57217741069474
  56  806 3967 60.392257 35.805570 0.03779380023479462 0.005173364654183388 60 -0.8055791181909088 -0.15046178385609352 0.5730650363908099
  57  807 3967 60.399412 35.805172 0.026113081723451614 0.005768035538494587 64 -0.8051895339481936 -0.15032845795953043 0.5736472514950284
  58  806 3967 60.392396 35.800040 0.05019903555512428 0.005010339431464672 62 -0.8056347363219185 -0.15048264109084789 0.5729813665049116
  59  807 3967 60.399246 35.799556 0.039311736822128296 0.004766041878610849 57 -0.8052634053152173 -0.15035555000463327 0.573536447527918
  60  805 3966 60.381451 35.791656 0.07671859860420227 0.005183394066989422 244 -0.8063302323300666 -0.1507243618535718 0.5719385659092893
  61  806 3966 60.395268 35.791369 0.05899552255868912 0.007735497318208218 245 -0.8055729955804971 -0.1504647322710198 0.5730728689565356
  62  808 3967 60.409594 35.802143 0.01671770215034485 0.009385781362652779 243 -0.8046631323493935 -0.15014931963283695 0.5744322634144593
  63  809 3967 60.423400 35.801792 -0.0009982307674363256 0.006620557513087988 245 -0.8039049310765894 -0.1498903414480593 0.575560376790592
  64  808 3966 60.409125 35.790925 0.038294438272714615 0.007540402468293905 244 -0.8048156702083036 -0.15020542459820105 0.574203855271308
  65  809 3966 60.422961 35.790502 0.01794154942035675 0.00710024731233716 244 -0.8040579344303059 -0.14994645443863014 0.5753319901421731
  66  803 3959 60.358232 35.730405 -0.013949010521173477 0.009401987306773663 976 -0.8082889111580598 -0.15141959250937587 0.5689825507897519
  67  804 3983 60.381069 35.943793 -0.024711987003684044 0.001865845755673945 15598 -0.80455879522093 -0.15007576625553506 0.5745976065173433
  68  804 3992 60.384922 36.033786 -0.022258928045630455 0.001582920434884727 15598 -0.8032957260351046 -0.14961645530317025 0.5764814765768702
  69  806 3971 60.390571 35.842157 -0.02037232555449009 0.004727395251393318 975 -0.8052420942335909 -0.15033607683435432 0.5735714721604933
  70  808 3971 60.418235 35.841367 -0.02147987112402916 0.0021594143472611904 977 -0.8037146145657014 -0.1498153698103794 0.5758456158573105
  71  805 3998 60.389623 36.084372 -0.020013391971588135 0.0009825865272432566 1948 -0.8024320695624959 -0.14930778550920562 0.57776289161211
  72  814 3933 60.472071 35.497843 -0.011880304664373398 0.0025138258934020996 13103 -0.8049338765133502 -0.15030908675039925 0.5740110041466553
  73  807 3975 60.405861 35.875525 -0.025415705516934395 0.0013525988906621933 3900 -0.8039805841393293 -0.14989880622302662 0.5754524899762746
  74  808 3969 60.417261 35.818843 -0.010974422097206116 0.0071061598137021065 975 -0.8040404698913277 -0.14993215388580172 0.5753601237556328
  75  817 3965 60.512447 35.782333 -0.02099166437983513 0.0018340671667829156 3900 -0.7991628719712303 -0.14828971476956204 0.5825365778697995
  76  806 3968 60.396344 35.813894 0.010532545857131481 0.008678218349814415 244 -0.8052573517602651 -0.15034902982345716 0.5735466560509178
  77  815 3953 60.479954 35.670662 -0.017045384272933006 0.005511246155947447 15562 -0.8022931466727168 -0.14938434322047742 0.5779360040718843
  78  811 3966 60.443893 35.795548 -0.00800983514636755 0.006637779530137777 974 -0.8028431107003765 -0.14953033482630546 0.5771339693413271
  79  813 3966 60.471513 35.794802 -0.01868847943842411 0.002616808284074068 976 -0.8013193738197012 -0.149012430954926 0.579381184162987
  80  813 3961 60.469534 35.749788 -0.0015328099252656102 0.006846961099654436 975 -0.8019681364714571 -0.14924511810694122 0.5784228581286733
  81  811 3959 60.441015 35.728108 0.019416747614741325 0.007464484311640263 975 -0.803794647293749 -0.1498746050023586 0.5757184796037945
  82  806 3964 60.387704 35.774627 0.06856201589107513 0.005659760441631079 974 -0.806176603552937 -0.15067781952912837 0.5721673519048409
  83  801 3971 60.335291 35.843713 -0.021191509440541267 0.0049775270745158195 975 -0.8082828412940951 -0.15137775508874557 0.5690023055610902
  84  803 3971 60.362946 35.842931 -0.01955411583185196 0.0049506379291415215 975 -0.8067644325152384 -0.15085666703387096 0.5712910085410036
  85  800 3969 60.327730 35.827068 -0.007488705683499575 0.004721205681562424 243 -0.8088898920413851 -0.15159190793531438 0.5680818919854844
  86  801 3969 60.341501 35.826599 4.316744161769748e-05 0.007061305455863476 244 -0.8081381043483737 -0.15133314592178027 0.5692197143859601
  87  800 3968 60.327156 35.815818 0.008005772717297077 0.005955151282250881 244 -0.8090381150343751 -0.15164830592326378 0.5678557208765529
  88  805 3969 60.382903 35.825391 -0.003322697477415204 0.005951210856437683 243 -0.8058679720599766 -0.15055432597344104 0.5726344440728515
  89  806 3969 60.396723 35.825150 -0.008230254985392094 0.0052545443177223206 245 -0.8051055007263934 -0.15029367251433173 0.5737742977009846
  90  805 3968 60.379217 35.817055 0.019158756360411644 0.005523852072656155 60 -0.806166070219921 -0.1506593050664012 0.572187068206787
  91  805 3968 60.385812 35.816962 0.013685854151844978 0.004746282007545233 59 -0.8058034797683918 -0.1505350498821796 0.5727302600265859
  92  805 3968 60.378907 35.811437 0.037507131695747375 0.005620651412755251 61 -0.8062466851872623 -0.1506889021437463 0.5720656757709416
  93  805 3968 60.385927 35.811371 0.030191166326403618 0.005612099543213844 64 -0.8058609683059116 -0.15055657601623834 0.5726437087573085
  94  825 3963 60.594272 35.757386 -0.02363859862089157 0.001764490152709186 15579 -0.7948569217011618 -0.1468530161077262 0.5887585801360493
  95  824 3972 60.598323 35.847361 -0.017145315185189247 0.00311944424174726 15591 -0.7936199180936359 -0.14640039596162793 0.5905373397739802
  96  824 3983 60.602404 35.937362 -0.015360684134066105 0.0022797477431595325 15582 -0.7923534755354404 -0.1459418633898973 0.5923486661732199
  97  834 3952 60.697669 35.663839 -0.018047044053673744 0.002756099682301283 14793 -0.7901996024827163 -0.1453252791396854 0.5953697602995384
  98  834 3962 60.699734 35.753849 -0.0193735770881176 0.0017709977691993117 14194 -0.7890220110008139 -0.14490115272171109 0.5970325971805485
  99  804 3968 60.372281 35.817481 0.0241172444075346 0.004889605101197958 60 -0.806543466770881 -0.15078864462756797 0.5716208716103619
 100  804 3968 60.365182 35.811751 0.04565376415848732 0.00487228948622942 58 -0.8069975416427515 -0.15094679976972672 0.5709378525039601
 101  804 3968 60.371848 35.811715 0.042391300201416016 0.005371603183448315 62 -0.8066316939829331 -0.15082105759967915 0.5714878116344547
 102  813 3964 60.470512 35.772283 -0.009543098509311676 0.005364752374589443 975 -0.8016390254289569 -0.14912794126977094 0.5789090861628895
 103  814 3993 60.495715 36.030615 -0.019483491778373718 0.0017058642115443945 15597 -0.7971986707879765 -0.14754263687982488 0.5854104966572018
 104  815 3998 60.500131 36.082778 -0.021448658779263496 0.0020584012381732464 2496 -0.7963246917640951 -0.14723235351415978 0.5866767588421243
 105  813 3959 60.468588 35.727293 -0.0010071367723867297 0.005733456462621689 973 -0.8022970610572895 -0.14936205230267083 0.5779363313988576
 106  815 3943 60.476040 35.580637 -0.018230324611067772 0.002978532575070858 15586 -0.8036082232546811 -0.14985271195489014 0.5759843645770424
 107  817 3960 60.510473 35.737322 -0.018924826756119728 0.004195665009319782 3896 -0.7998248082315254 -0.14852465400218967 0.581567453775513
 108  815 3973 60.487811 35.850630 -0.019402699545025826 0.0018944070907309651 15586 -0.7997382115483002 -0.1484621653911656 0.5817024827494658
 109  801 3968 60.340994 35.815360 0.024873070418834686 0.008731618523597717 244 -0.8082853397347844 -0.15138872068039463 0.5689958390186853
 110  801 3959 60.330607 35.731208 -0.03204392269253731 0.00433912081643939 973 -0.8097911047314362 -0.1519376720056305 0.5667039002189321
 111  840 3933 60.748690 35.486438 -0.006475289352238178 0.001167791779153049 238 -0.7894892262386471 -0.14514436718063053 0.5963554932494849
 112  814 3982 60.491742 35.940614 -0.0189670380204916 0.0017722875345498323 15600 -0.7984769193067122 -0.14800420113881899 0.5835489403466708
 113  810 3964 60.436300 35.778935 0.015203220769762993 0.005996960215270519 244 -0.8034531129056726 -0.14974390182862296 0.5762289989468808
 114  811 3964 60.450078 35.778448 0.0003811427450273186 0.005332717206329107 243 -0.8026978732759253 -0.14948643637913203 0.5773473214426255
 115  810 3963 60.435768 35.767727 0.02792857214808464 0.006085987668484449 243 -0.8036100744252179 -0.14980137281204436 0.5759951362519675
 116  811 3961 60.441946 35.750587 0.027333909645676613 0.008924849331378937 973 -0.8034737892204447 -0.14975934982059644 0.5761961533861996
 117  803 3969 60.355305 35.826256 0.004991847090423107 0.008043762296438217 244 -0.8073818477583992 -0.1510732211826615 0.5703607926144011
 118  804 3969 60.369121 35.825889 0.0027098958380520344 0.00826877448707819 243 -0.8066238800044693 -0.15081320128703912 0.5715009138436181
 119  803 3968 60.354851 35.814967 0.03591042384505272 0.008835453540086746 245 -0.8075296010420284 -0.15112856955925616 0.5701369124200568
 120  804 3968 60.365362 35.817413 0.028634313493967056 0.005060316529124975 64 -0.8069251402542081 -0.15091973674872822 0.5710473282359537
 121  825 3998 60.610720 36.081136 -0.021899020299315453 0.0014114456716924906 3065 -0.7901581385888609 -0.14516205550471395 0.5954646031994116
 122  824 3993 60.606503 36.027325 -0.016964005306363106 0.002221394330263138 15592 -0.7910816646124239 -0.14548220319352886 0.5941588411090029
 123  824 3933 60.582162 35.496230 -0.010338051244616508 0.002195696346461773 12539 -0.7988089070215293 -0.1482394551059172 0.5830346422065934
 124  824 3943 60.586193 35.577408 -0.015861552208662033 0.00178084010258317 15592 -0.7975466312742675 -0.14779972629653743 0.5848714489951925
 125  825 3953 60.590248 35.667403 -0.020518150180578232 0.00262904423289001 15574 -0.7961696766094645 -0.14732007789553728 0.5868650958239326
 126  834 3972 60.701782 35.843873 -0.01351469848304987 0.0019160673255100846 13600 -0.787914235347415 -0.14449038635882364 0.598593088823097
 127  811 3963 60.449553 35.767197 0.011457037180662155 0.005498937331140041 244 -0.8028565606487982 -0.14954423066681186 0.5771116582581347
 128  834 3982 60.703854 35.933887 -0.014003248885273933 0.0014714362332597375 13001 -0.7866952873481324 -0.1440583039905363 0.6002980342426665
 129  834 3934 60.692218 35.494554 -0.010254896245896816 0.0033713988959789276 11958 -0.7925600363076193 -0.14616321958247713 0.5920176535284651
 130  834 3942 60.695613 35.573824 -0.016936734318733215 0.002509418176487088 15384 -0.7913994605313481 -0.14575356241472442 0.593668925339796
 131  833 3992 60.705933 36.023924 -0.014450831338763237 0.0022425868082791567 12399 -0.7855512442568794 -0.14364038344126995 0.6018942456040874
 132  833 3999 60.708115 36.079624 -0.01783420704305172 0.002392516238614917 2766 -0.7847238042591602 -0.14335199566082185 0.6030412559428177
