Number xind yind east north data err wgt Elos Nlos Ulos
********************************************************
   0  797 3942 60.277707 35.586176 -0.018537212163209915 0.0021981021855026484 15595 0.6936257052381214 -0.1151718824953219 0.7110687860646131
   1  802 3968 60.349296 35.815168 0.018201356753706932 0.009251524694263935 237 0.6951047723784359 -0.11544117425360455 0.709579234972157
   2  803 3968 60.363201 35.814703 0.04272519424557686 0.00950703863054514 241 0.6958786392082323 -0.11567052908714613 0.7087829344689377
   3  802 3964 60.347835 35.781429 0.017715660855174065 0.009178428910672665 243 0.6953186433270291 -0.11553782747041405 0.7093539276449216
   4  803 3965 60.358503 35.784087 0.045036979019641876 0.006139143370091915 61 0.6958800119832548 -0.11570198068823913 0.708776453183233
   5  804 3965 60.365273 35.783543 0.061245888471603394 0.005824837367981672 57 0.6962627293302969 -0.11581537738119231 0.7083819662495495
   6  803 3964 60.358079 35.778254 0.034513525664806366 0.0054098693653941154 64 0.6959046110792381 -0.11571537282614575 0.7087501144764354
   7  787 3933 60.169435 35.502141 -0.02203511819243431 0.0023938887752592564 13039 0.6886125037118483 -0.11375378564233787 0.7161514476587593
   8  787 3942 60.174907 35.588001 -0.013862081803381443 0.0036397611256688833 13444 0.687987097424333 -0.11350680722584695 0.7167914330480212
   9  789 3972 60.207033 35.855748 -0.01633874699473381 0.0019678520038723946 7366 0.6868943035682213 -0.11298399792133772 0.7179211878327867
  10  790 3982 60.218979 35.944734 -0.013045372441411018 0.0014487671433016658 4995 0.6866785379399074 -0.1128437172910232 0.718149622989983
  11  804 3975 60.372652 35.876439 -0.011882893741130829 0.0018282319651916623 3895 0.6958033338846705 -0.11559479029175565 0.7088692157319167
  12  809 3975 60.427984 35.874927 -0.01665959507226944 0.0017775169108062983 3881 0.6989226257269934 -0.11651624397792255 0.7056423514331907
  13  803 3971 60.357461 35.843071 -0.00810286309570074 0.004252105485647917 974 0.6952944297798185 -0.1154719839780216 0.7093883822232618
  14  804 3964 60.365135 35.778141 0.051093123853206635 0.005583443213254213 62 0.6962985592621822 -0.1158318008297568 0.7083440620813765
  15  802 3963 60.347522 35.770199 0.004217788111418486 0.007452217862010002 241 0.6953968408558211 -0.11557240353406449 0.7092716357426843
  16  803 3963 60.361289 35.769660 0.028336135670542717 0.00904257781803608 242 0.6961533432804385 -0.11579800802415754 0.7084923034000475
  17  804 3965 60.372059 35.783581 0.0786028653383255 0.006102624349296093 63 0.6966495841435596 -0.11592846475806748 0.707983013900364
  18  805 3965 60.379223 35.783264 0.09230109304189682 0.0038591637276113033 61 0.6970608405660272 -0.11604914000132419 0.7075583238534733
  19  804 3964 60.372099 35.777929 0.06707291305065155 0.005690479651093483 61 0.6966986037478319 -0.11594890903570644 0.707931427490863
  20  805 3964 60.378643 35.777751 0.08152399212121964 0.005631754640489817 56 0.6970742418036634 -0.11605888886559208 0.7075435221448444
  21  806 3964 60.389193 35.780185 0.10066716372966766 0.005842240992933512 243 0.6976559622705949 -0.11622659231249112 0.7069423863001257
  22  807 3967 60.407454 35.799544 0.09673749655485153 0.005119364243000746 61 0.6985194123541144 -0.11646104029767519 0.70605060488413
  23  808 3967 60.414703 35.804772 0.07412644475698471 0.0053326403722167015 63 0.698879631342967 -0.11656232041653422 0.7056773245280251
  24  809 3967 60.421437 35.804802 0.06705059856176376 0.005403948947787285 58 0.6992589595068599 -0.11667416317825141 0.7052829554129595
  25  808 3967 60.414281 35.799051 0.090890072286129 0.0045668031089007854 58 0.6989096042559894 -0.11657642910019962 0.7056453083929507
  26  809 3967 60.421133 35.799099 0.083189457654953 0.004987073130905628 64 0.6992960249965432 -0.11669026538933701 0.705243540479032
  27  807 3966 60.403673 35.791137 0.113772451877594 0.003408741904422641 243 0.6983822953913567 -0.11642877237509382 0.7061915536503736
  28  808 3966 60.417461 35.790710 0.1035982295870781 0.006178146693855524 243 0.6991679950773619 -0.11666021504400217 0.7053754382492979
  29  805 3971 60.385077 35.842278 -0.0064062923192977905 0.0073889754712581635 974 0.6968523018714398 -0.11593128053299741 0.7077830229459133
  30  802 3969 60.349784 35.826381 0.0021323629189282656 0.00567803718149662 244 0.6950293432929494 -0.11540833165032664 0.7096584593644042
  31  803 3969 60.363629 35.825988 0.015004449523985386 0.0074338060803711414 246 0.6957981525247044 -0.11563625257588099 0.7088675391308416
  32  796 3992 60.296250 36.036252 -0.014311417005956173 0.0018349665915593505 15588 0.6900197167445692 -0.11374956161064131 0.7147963540317839
  33  796 3952 60.281335 35.675892 -0.01800461672246456 0.0024017607793211937 15284 0.6926955975653986 -0.1148521693325154 0.7120265362422462
  34  797 3963 60.285142 35.766361 -0.016099905595183372 0.004947450943291187 15431 0.692029991323495 -0.11457692583436584 0.712717769650196
  35  788 3952 60.184659 35.677791 -0.01398575771600008 0.003964930307120085 11675 0.687445188084655 -0.11329495795836521 0.7173446632410849
  36  788 3962 60.193931 35.767010 -0.019519774243235588 0.0022287722676992416 9954 0.6869629110062216 -0.11309107006107613 0.7178386787951028
  37  796 3933 60.273880 35.500602 -0.020921919494867325 0.0029100822284817696 14068 0.6944413279064408 -0.11546221712410236 0.7102251181930459
  38  797 3972 60.288801 35.856241 -0.014625662006437778 0.0026236805133521557 15564 0.6913949124742457 -0.11430698173196055 0.7133771715804056
  39  797 3998 60.301905 36.085545 -0.01712534762918949 0.001335671404376626 1482 0.6898275091248283 -0.11365308924926547 0.7149971908747149
  40  806 3943 60.387867 35.583149 -0.013627788051962852 0.0026328207459300756 15572 0.699687935724571 -0.11697567680584153 0.704807408897852
  41  804 3955 60.365002 35.696548 -0.009716957807540894 0.007226661313325167 3854 0.6971465738207169 -0.11614572280689091 0.7074580027702709
  42  806 3933 60.383992 35.499094 -0.015667075291275978 0.0016774990363046527 13536 0.7005194982643814 -0.11726589455301732 0.7039326264111503
  43  796 3982 60.292520 35.946251 -0.011108245700597763 0.0016312799416482449 15593 0.690703377064913 -0.11402758755845062 0.7140914186480078
  44  791 3992 60.230371 36.032197 -0.013960166834294796 0.00217551551759243 2746 0.686445394036425 -0.11269985092104438 0.7183950616537891
  45  804 3963 60.371638 35.772125 0.05402282625436783 0.005290192551910877 61 0.69672003107199 -0.11596145649571443 0.7079082842504656
  46  805 3963 60.378635 35.772212 0.06908972561359406 0.005543304607272148 64 0.6971204369785764 -0.11607827196365518 0.7074948276310792
  47  804 3963 60.371599 35.766711 0.04205078259110451 0.004880695603787899 58 0.6967627269599406 -0.11597974781706523 0.707863263925765
  48  805 3963 60.378382 35.766436 0.055678702890872955 0.006157273426651955 62 0.6971551550008228 -0.11609448027706241 0.7074579574115888
  49  806 3963 60.388995 35.769000 0.08304852247238159 0.00960642471909523 241 0.6977422152944869 -0.1162632786661165 0.7068512226980632
  50  807 3967 60.400624 35.805109 0.08604730665683746 0.005728433839976788 63 0.6980821462208862 -0.1163270779436197 0.7065050092283426
  51  807 3967 60.407547 35.805174 0.07996921986341476 0.005448245909065008 61 0.6984722349655701 -0.11644188801928197 0.7061004345677083
  52  807 3967 60.400762 35.799583 0.10271608829498291 0.004583690315485001 59 0.6981409574721836 -0.1163496171139773 0.7064431824975408
  53  811 3967 60.441960 35.798462 0.05741625651717186 0.0036444328725337982 57 0.7004770973044047 -0.11703936406110269 0.7040125165166938
  54  811 3967 60.448709 35.798175 0.04810316115617752 0.005584415979683399 62 0.7008598527227096 -0.1171527888873905 0.7036126000132519
  55  810 3966 60.431239 35.790255 0.08809012174606323 0.007968258112668991 243 0.6999529339633421 -0.11689174334194455 0.7045581669206525
  56  811 3966 60.445015 35.789963 0.06930293142795563 0.008809827268123627 244 0.7007354085287489 -0.11712272750451544 0.7037415391576302
  57  808 3964 60.409778 35.774067 0.11012100428342819 0.0059184362180531025 973 0.6988862451275112 -0.11659312985491836 0.7056656846143239
  58  808 3971 60.412669 35.841527 -0.010204932652413845 0.005967077799141407 972 0.6984140730815521 -0.11639190004254932 0.7061662043217033
  59  810 3971 60.440276 35.840764 -0.013565805740654469 0.00384885398671031 972 0.6999727201483285 -0.1168530224460439 0.7045449327000899
  60  806 3968 60.387137 35.811377 0.06824740767478943 0.006033831741660833 63 0.6972618873406401 -0.11607994622727602 0.7073551488086032
  61  806 3968 60.394249 35.811000 0.06842654943466187 0.005952416453510523 61 0.6976671176706856 -0.1161994664846372 0.7069358364871338
  62  810 3969 60.432785 35.824059 0.005135135725140572 0.0054464214481413364 243 0.6997153964158798 -0.11679139117597304 0.7048107086060406
  63  811 3969 60.446599 35.823657 -0.0005220977473072708 0.004815798252820969 244 0.700494613151495 -0.11702230105347783 0.7039979247141902
  64  809 3968 60.428717 35.815763 0.02536468207836151 0.005188877694308758 61 0.6995651961220172 -0.1167545493266508 0.7049658939170704
  65  810 3968 60.435769 35.815406 0.018912015482783318 0.0034945758525282145 61 0.6999653375356404 -0.11687308432684367 0.7045489396830765
  66  809 3968 60.428747 35.810082 0.04380715638399124 0.00610912824049592 64 0.6996207365665165 -0.11677611697654076 0.7049072020273351
  67  810 3968 60.435650 35.810031 0.034111082553863525 0.006567167118191719 58 0.700009659041097 -0.11689106013233007 0.7045019214383358
  68  811 3968 60.445949 35.812445 0.017464447766542435 0.006610944867134094 243 0.7005652394300108 -0.11705323611180626 0.7039224994401908
  69  806 3982 60.403197 35.943157 -0.01140940934419632 0.0015808278694748878 15591 0.6968345395083639 -0.1158445757080649 0.7078147065632253
  70  802 3967 60.348757 35.803900 0.027738265693187714 0.009631115943193436 244 0.6951773764036305 -0.11547330735579339 0.7095028756988089
  71  806 3966 60.389842 35.791401 0.11077412962913513 0.003139834851026535 242 0.6975951110574365 -0.11619733769549918 0.7070072416469586
  72  810 3967 60.431765 35.801541 0.06322143971920013 0.009543723426759243 246 0.6998722451879251 -0.11685809088003499 0.7046439008545283
  73  811 3967 60.442312 35.803961 0.0445997528731823 0.007436892483383417 62 0.7004422420782852 -0.11702439939074549 0.7040496825221783
  74  811 3967 60.449207 35.804026 0.02838635817170143 0.00570994196459651 62 0.7008284534713374 -0.11713869878419679 0.7036462208042609
  75  805 3969 60.377485 35.825676 0.022727899253368378 0.008459063246846199 241 0.6965834287813364 -0.11586715920066765 0.7080581389730677
  76  806 3969 60.391301 35.825144 0.025415431708097458 0.007622096221894026 244 0.6973684605422952 -0.11609842325305601 0.7072470476142149
  77  804 3968 60.373498 35.817418 0.04480944201350212 0.005180236883461475 61 0.6964347771005521 -0.11583126178015578 0.7082102230547941
  78  805 3968 60.380655 35.817018 0.04865201562643051 0.005254803691059351 63 0.6968430745717138 -0.11595156061675961 0.7077887855935406
  79  804 3968 60.373408 35.811788 0.06149635463953018 0.004848982207477093 61 0.6964819033134612 -0.11585043594363678 0.7081607408269169
  80  805 3968 60.380236 35.811298 0.0671742856502533 0.005120749119669199 58 0.696872582173104 -0.11596562100155847 0.7077574294637345
  81  806 3968 60.387391 35.817050 0.04853026196360588 0.005230835173279047 58 0.6972232910890902 -0.11606327568765915 0.7073959276102373
  82  806 3968 60.394271 35.816547 0.048840172588825226 0.005594402551651001 61 0.6976164947672095 -0.11617940072861609 0.7069890897850204
  83  810 3954 60.433551 35.683197 0.006929417140781879 0.004616254940629005 964 0.7011487557767726 -0.11733589888697593 0.7032941838982241
  84  804 3950 60.363174 35.651319 -0.016452860087156296 0.0022426194045692682 3867 0.6974493346741231 -0.11627891230533763 0.7071376387349996
  85  807 3961 60.401755 35.746062 0.06244807690382004 0.008105476386845112 245 0.6987044773085267 -0.1165644176547054 0.7058504019449432
  86  808 3961 60.415673 35.745731 0.08322402834892273 0.008040452376008034 237 0.699499355045884 -0.11679818033258396 0.7050239977202121
  87  810 3961 60.436494 35.750701 0.0990384891629219 0.006350602954626083 971 0.7006343138155967 -0.11712767253507582 0.7038413646772005
  88  809 3950 60.418329 35.649813 -0.009067161940038204 0.003424388123676181 3878 0.7005932822853351 -0.11720398253193864 0.7038695044504442
  89  813 3956 60.462121 35.704902 0.03182672709226608 0.00801815465092659 971 0.7025341252707651 -0.11772840396848072 0.7018445880172299
  90  805 3962 60.374541 35.758170 0.034122709184885025 0.00882647093385458 244 0.6970208947132926 -0.11606207530563287 0.7075955532709562
  91  806 3962 60.385156 35.760773 0.05986947938799858 0.00523038674145937 63 0.6976019602059245 -0.11622972201498548 0.7069951604057634
  92  806 3962 60.392174 35.760431 0.074273020029068 0.004639679100364447 58 0.6980080933924835 -0.11634867322364284 0.7065746158741396
  93  806 3962 60.384663 35.754943 0.04818873479962349 0.004903019871562719 61 0.6976359046680949 -0.11624424802448334 0.706959276987827
  94  806 3962 60.391594 35.754822 0.06251965463161469 0.005068742670118809 62 0.6980337302118849 -0.11636069707168932 0.7065473088643619
  95  803 3967 60.362634 35.803430 0.061337124556303024 0.009093252941966057 242 0.6959505709403545 -0.11570236935251516 0.7087071077208191
  96  802 3966 60.348493 35.792643 0.029041942209005356 0.009551235474646091 243 0.6952599453709135 -0.1155090273658404 0.7094161493508813
  97  803 3966 60.362273 35.792172 0.06253886967897415 0.00990218110382557 244 0.6960250928850541 -0.11573603884087194 0.7086284212390694
  98  805 3967 60.376452 35.803188 0.08685152977705002 0.00906486064195633 245 0.6967333568319907 -0.115932442800264 0.7078999210227315
  99  806 3967 60.390286 35.802668 0.09764242172241211 0.009390102699398994 243 0.6975205429659581 -0.11616420964069223 0.7070862525456341
 100  805 3966 60.376090 35.791954 0.09446697682142258 0.007419580593705177 243 0.6968094051961208 -0.11596633216560971 0.707819512753275
 101  810 3964 60.437404 35.773245 0.09949397295713425 0.009408995509147644 973 0.7004706672432433 -0.11705900838035771 0.7040156481846218
 102  808 3956 60.406911 35.706589 0.016105664893984795 0.007376553025096655 960 0.6994184276413812 -0.11680476197651173 0.7051031914941731
 103  810 3956 60.434499 35.705716 0.029749808833003044 0.009394892491400242 972 0.7009791520531912 -0.11726654247938538 0.7034747944324087
 104  808 3954 60.406031 35.683902 0.0005264297360554338 0.004267242271453142 944 0.6995856587544732 -0.11687450089782013 0.7049257103446825
 105  806 3959 60.387529 35.735279 0.02455858513712883 0.007426826748996973 239 0.6980086895811156 -0.11636884034340207 0.7065707057799563
 106  805 3958 60.373200 35.724339 -0.0010717930272221565 0.0029925520066171885 231 0.6973166372932523 -0.11617371518262927 0.7072857804697449
 107  806 3958 60.386905 35.724009 0.011249986477196217 0.005437141750007868 243 0.6980961381091456 -0.1164029077959725 0.7064786939559741
 108  807 3962 60.402068 35.757321 0.08442691713571548 0.007784647401422262 240 0.6986068839258882 -0.11652646601410976 0.7059532593944325
 109  808 3962 60.415915 35.757014 0.10038295388221741 0.005540531128644943 241 0.6994012542286883 -0.11675957736790685 0.7051277094797832
 110  810 3959 60.428749 35.733992 0.07557190954685211 0.006164157297462225 243 0.7003549514063823 -0.11706046942927126 0.7041305195328225
 111  811 3959 60.442554 35.733715 0.0796431303024292 0.00440498860552907 244 0.7011364876127903 -0.11729150587652376 0.7033138192778646
 112  807 3970 60.401697 35.827614 0.012307357974350452 0.008146723732352257 62 0.6979317040650459 -0.1162619211482751 0.7066643490029573
 113  807 3970 60.408695 35.827684 0.008054307661950588 0.0031791834626346827 64 0.6983253613396375 -0.11637783841836777 0.7062562484218692
 114  807 3969 60.401651 35.822184 0.029459495097398758 0.004036400932818651 58 0.6979800388391311 -0.11628117048591104 0.706613440837741
 115  807 3969 60.408382 35.821889 0.025538979098200798 0.0072196898981928825 61 0.6983622502321983 -0.11639404543956172 0.7062171009235286
 116  808 3969 60.418997 35.824420 0.011495041660964489 0.007165058981627226 243 0.6989362568432743 -0.11656099918901097 0.7056214582465388
 117  807 3968 60.401050 35.816575 0.04628651961684227 0.005383597686886787 61 0.697998721609235 -0.11629187654056568 0.7065932239149675
 118  807 3968 60.408233 35.816173 0.044983670115470886 0.004662276711314917 63 0.6984075604798219 -0.11641267649834275 0.7061692206653559
 119  807 3968 60.401168 35.811001 0.06566476821899414 0.005948113743215799 62 0.6980576305310343 -0.11631439917278663 0.7065313191943239
 120  810 3958 60.428304 35.722799 0.05567505210638046 0.006881031207740307 242 0.7004464113372872 -0.11709634197765509 0.7040335727365334
 121  811 3958 60.442152 35.722422 0.06076108664274216 0.006048799958080053 243 0.7012299756088445 -0.11732823936680678 0.7032144804785413
 122  816 3933 60.494119 35.497477 -0.017514199018478394 0.0020908587612211704 12986 0.7066278933555874 -0.11908977419534927 0.697491681680825
 123  803 3959 60.352564 35.730657 -0.011764644645154476 0.004427262116223574 960 0.6960969334591369 -0.11580910969577835 0.7085459119494355
 124  805 3961 60.374118 35.746920 0.016533784568309784 0.0075265574268996716 243 0.6971196610200352 -0.11609943287352073 0.707492120030858
 125  806 3961 60.387853 35.746435 0.04076625406742096 0.008901126682758331 241 0.6979086611859863 -0.11633076606577088 0.7066757767945177
 126  807 3959 60.401238 35.734762 0.04404723644256592 0.007535056676715612 242 0.6987912935436791 -0.11659921957586547 0.7057587052682034
 127  808 3959 60.415016 35.734508 0.0620013065636158 0.007744140923023224 242 0.6995737929610277 -0.11682973225868001 0.7049449069696769
 128  807 3968 60.407968 35.810616 0.061955682933330536 0.00547494413331151 57 0.6984448701939424 -0.11642880733055591 0.7061296595692261
 129  808 3968 60.415164 35.816283 0.038735419511795044 0.0057001905515789986 62 0.6987971910044033 -0.11652742753328808 0.7057647231739695
 130  809 3968 60.422086 35.815814 0.032364267855882645 0.005859415978193283 59 0.6991914759208107 -0.11664417189971418 0.7053548165012475
 131  808 3968 60.414668 35.810432 0.05726592242717743 0.005130814854055643 62 0.6988243793206727 -0.11654082555090925 0.7057355898968034
 132  809 3968 60.421680 35.810244 0.05134822428226471 0.005002215504646301 61 0.6992212308466803 -0.11665805114702715 0.7053230248870591
 133  815 3954 60.488665 35.681650 0.008320027031004429 0.004292932339012623 973 0.7042576558601866 -0.11825941290044176 0.7000256176903513
 134  819 3955 60.530523 35.691680 0.004437426570802927 0.00720238545909524 3896 0.7064787459286925 -0.11891593457581189 0.6976724031054855
 135  803 3961 60.353607 35.753078 0.0012783987913280725 0.00870549213141203 973 0.6959051710215604 -0.1157369530199328 0.708746041012657
 136  813 3963 60.471697 35.766641 0.0625033751130104 0.006680922582745552 245 0.7024470493028973 -0.1176519923415399 0.7019445502486072
 137  815 3964 60.492662 35.771634 0.033134352415800095 0.009230312891304493 968 0.7035425898838733 -0.11797710618076311 0.700791856856731
 138  816 3992 60.517862 36.029910 -0.00917248334735632 0.0015350737376138568 15554 0.7023078819822552 -0.11740401471152745 0.7021252995265261
 139  817 3998 60.521907 36.082486 -0.009755983017385006 0.0015399247640743852 2558 0.7019757998323308 -0.11726566787701839 0.7024804193620747
 140  827 3999 60.632733 36.080810 -0.00718322629109025 0.0025671846233308315 3151 0.7080731077391128 -0.11910438797480905 0.696021995961206
 141  826 3983 60.624528 35.936692 -0.007442564237862825 0.0019915737211704254 15566 0.7091983607397426 -0.11954143952231681 0.694800352159521
 142  826 3943 60.608223 35.576750 -0.015229138545691967 0.003427413059398532 15586 0.7120688649339986 -0.12067265253852376 0.6916617977891533
 143  826 3952 60.611659 35.666555 -0.009286302141845226 0.0023097724188119173 15282 0.7112227147583815 -0.12036348754100033 0.6925856487674902
 144  807 3958 60.400703 35.723509 0.02764471434056759 0.006194133311510086 244 0.6988817026433383 -0.1166343881106316 0.705663365366523
 145  808 3958 60.414537 35.723263 0.042907096445560455 0.006568317301571369 244 0.699665315024279 -0.11686547377796154 0.7048481453409868
 146  815 3961 60.491667 35.749113 0.04597170278429985 0.009431897662580013 975 0.7037089800339903 -0.11804563909368801 0.7006132303278919
 147  813 3959 60.463083 35.727423 0.06215453892946243 0.009993180632591248 975 0.7023461040510235 -0.11765596968728081 0.702044886685527
 148  815 3959 60.490675 35.726634 0.041575007140636444 0.0068683805875480175 971 0.7038795403101645 -0.11811483440075317 0.7004302096763347
 149  814 3950 60.473417 35.648219 -0.0038410157430917025 0.0025484287180006504 3865 0.7037303215373504 -0.11813134471202215 0.7005773475823114
 150  819 3950 60.528569 35.646680 -0.005254700314253569 0.00250344374217093 3896 0.7068452370594391 -0.11905905243527967 0.6972766688191987
 151  812 3967 60.459435 35.800691 0.02995641715824604 0.0072555504739284515 243 0.701422728846867 -0.11731922160145519 0.7030237234260613
 152  815 3956 60.489640 35.704137 0.025273777544498444 0.006074209231883287 973 0.7040750513551345 -0.11818803880712474 0.7002213289683415
 153  813 3954 60.461109 35.682434 0.010320981033146381 0.004689088091254234 974 0.7027094118683936 -0.11779820305209594 0.7016573706797881
 154  817 3943 60.498071 35.580017 -0.012916441075503826 0.004483303055167198 15579 0.7058409753171332 -0.11881027552280456 0.6983356184482884
 155  806 3992 60.407015 36.033001 -0.012747134082019329 0.0012929505901411176 15503 0.6961526971304538 -0.11556725850256816 0.7085306140458542
 156  807 3998 60.411756 36.084064 -0.014468029141426086 0.0008799495990388095 2031 0.6958845094990492 -0.11544792182827705 0.7088134640261848
 157  819 3965 60.534509 35.781609 0.003182230284437537 0.00714480085298419 3854 0.7057234489182242 -0.11862653180787586 0.6984856187483043
 158  813 3961 60.464059 35.749934 0.07992728799581528 0.009580898098647594 974 0.70218420375093 -0.1175881154488445 0.7022181848313681
 159  805 3959 60.373740 35.735625 0.0055124820210039616 0.0053108809515833855 238 0.6972218372793755 -0.11613776142559655 0.7073851355462759
 160  813 3967 60.473260 35.800437 0.019736414775252342 0.005428242962807417 243 0.7021794941525992 -0.11754658885229698 0.7022298465892696
 161  812 3966 60.458786 35.789445 0.05203967168927193 0.007790558971464634 241 0.7015039155447326 -0.11735202794061456 0.7029372361837393
 162  813 3966 60.472594 35.789167 0.03643544390797615 0.005879230797290802 242 0.702261448160322 -0.11757946868186668 0.7021423836888478
 163  815 3966 60.493626 35.794120 0.012480105273425579 0.008917269296944141 971 0.7033563127725879 -0.11790499731317139 0.7009909477957118
 164  812 3964 60.458367 35.778200 0.06944423168897629 0.0066513787023723125 244 0.7015979827617761 -0.11738866616065041 0.7028372298346396
 165  813 3964 60.472157 35.777879 0.0511246919631958 0.006516221445053816 240 0.7023562384261076 -0.1176161963185951 0.7020414123878124
 166  812 3963 60.457902 35.766947 0.08202291280031204 0.005430254619568586 243 0.7016876082125499 -0.11742423899121827 0.7027418079054956
 167  827 3963 60.616443 35.757035 -0.004728586878627539 0.002066737273707986 15346 0.7105254681433483 -0.12008828204452741 0.693348659503478
 168  835 3942 60.706486 35.573115 -0.012431417591869831 0.003451821394264698 12118 0.7175292256250733 -0.12233144254950108 0.6857017052171015
 169  835 3952 60.708907 35.663612 -0.004862350411713123 0.0027141899336129427 11516 0.716718885933711 -0.12201918516464544 0.6866042215117062
 170  835 3962 60.710741 35.753339 -0.00447817612439394 0.0020458074286580086 10992 0.7158533068040681 -0.12169463918715258 0.6875641482296685
 171  835 3972 60.712879 35.843448 -0.003732051234692335 0.0009844369487836957 10462 0.7150730094888073 -0.12138628623062434 0.688430069517418
 172  836 3934 60.704476 35.493959 -0.020614445209503174 0.0029847854748368263 9650 0.718295738017282 -0.12261538717760795 0.6848479390152922
 173  835 3982 60.714923 35.933453 -0.007288329768925905 0.002156150760129094 9870 0.7142186813257443 -0.12106455262148362 0.6893729392309181
 174  834 3992 60.716985 36.023520 -0.006029677111655474 0.002434345195069909 9257 0.7133875237560178 -0.1207468213790148 0.6902886686569044
 175  834 3999 60.718747 36.079470 0.0003828096960205585 0.001374224666506052 2073 0.7128450956972538 -0.12054836147574585 0.6908834649098833
 176  826 3934 60.604194 35.495905 -0.020028620958328247 0.0019918715115636587 12406 0.7127826623345387 -0.12093598574450086 0.6908801369465567
 177  827 3973 60.620449 35.846730 -0.005444556940346956 0.0012491961242631078 15537 0.7098586898808501 -0.11981436099327984 0.6940786405735414
 178  819 3960 60.532616 35.736680 0.013595052063465118 0.008885057643055916 3863 0.7060878807640544 -0.11876959545475986 0.6980928934129319
 179  817 3973 60.509973 35.850127 -0.010895437560975552 0.005108935292810202 15448 0.7037129017375595 -0.11796508823166502 0.7006228585241845
 180  816 3982 60.513877 35.939966 -0.010256701149046421 0.003037725342437625 15580 0.7030089320680545 -0.11768416251778659 0.7013764177137841
 181  827 3992 60.628687 36.026595 -0.007975330576300621 0.0011783106019720435 15540 0.7084882556886423 -0.11926054917470351 0.695572651102538
