# > Main_Trace
 1.01006521739130e+002    3.78510939691445e+001
 1.01037500000000e+002    3.78459992987377e+001
 1.01097826086957e+002    3.78345161290323e+001
 1.01161413043478e+002    3.78230399719495e+001
 1.01203804347826e+002    3.78140988779804e+001
 1.01233152173913e+002    3.78090007012623e+001
 1.01277173913043e+002    3.77961921458626e+001
 1.01317934782609e+002    3.77846669004208e+001
 1.01357065217391e+002    3.77692671809257e+001
 1.01373369565217e+002    3.77615603085554e+001
 1.01420652173913e+002    3.77358555399720e+001
 1.01472826086957e+002    3.76946774193548e+001
 1.01515217391304e+002    3.76625105189341e+001
# > Second_Trace
# 1.01008152173913e+002    3.78046458625526e+001
# 1.01141847826087e+002    3.78010624123422e+001
# 1.01203804347826e+002    3.78140988779804e+001
