Number xind yind east north data err wgt Elos Nlos Ulos
********************************************************
   0  765 4493 78.141096 40.545072 -0.02036873623728752 0.0014148816699162126 15363 0.5377904810788496 0.10222186466566832 0.8368584640458943
   1  766 4503 78.145322 40.635043 -0.011560828424990177 0.005033766385167837 15375 0.539546299061768 0.10244674213027248 0.8356999797748249
   2  766 4513 78.149557 40.724995 -0.007446530740708113 0.0016676203813403845 15399 0.5412059981672853 0.10265289279554958 0.834600773512976
   3  766 4523 78.153819 40.814950 -0.011408655904233456 0.003546515479683876 15420 0.5423949059475042 0.10277118364657634 0.833814037908981
   4  765 4533 78.158065 40.904884 -0.019948739558458328 0.0020956145599484444 15434 0.543624604199034 0.10289609782153998 0.8329974086169438
   5  765 4542 78.162358 40.994815 -0.019841482862830162 0.0027083554305136204 15459 0.5455530249195685 0.10314942647062993 0.8317043301678119
   6  755 4603 78.068839 41.537759 0.0033478140830993652 0.0026442932430654764 15565 0.5636124861907045 0.10505730199938317 0.8193313912615232
   7  755 4612 78.073094 41.627650 0.003568968502804637 0.002226338954642415 15609 0.564898224771179 0.10518059501563858 0.818429617060946
   8  756 4623 78.077399 41.717609 0.003437552135437727 0.004284026101231575 15625 0.5663597067551621 0.10533517901434153 0.8173990351267998
   9  766 4573 78.175370 41.264656 -0.031058980152010918 0.00661257840692997 15519 0.5498788537855674 0.1036354355466995 0.8287900473934979
  10  766 4583 78.179747 41.354599 -0.01346636563539505 0.00582939712330699 15544 0.5514394199532957 0.10381764907694317 0.827729703382517
  11  766 4593 78.184135 41.444537 -0.0021701729856431484 0.003943323157727718 15565 0.5528836572304334 0.10397766696147136 0.8267456116247308
  12  745 4553 77.928851 41.091072 -0.013956651091575623 0.0047789509408175945 15468 0.5663925134733647 0.1053414427346032 0.817375495793651
  13  745 4563 77.932898 41.181025 -0.020428957417607307 0.0036803744733333588 15505 0.5672884654963561 0.10539180068374322 0.8167474305214726
  14  738 4487 77.818434 40.505386 -0.014476409181952477 0.0016902597853913903 494 0.5630843780844098 0.10492572979469739 0.8197112750135523
  15  736 4493 77.787704 40.554547 -0.016794493421912193 0.0011038557859137654 15222 0.5664625223045426 0.10526855855267443 0.8173363698041448
  16  735 4503 77.790988 40.644141 -0.009833849035203457 0.0027024452574551105 15389 0.5681670884119715 0.10546159446736807 0.8161274482198619
  17  736 4513 77.794778 40.734142 -0.010192018002271652 0.002171015366911888 15410 0.5694283687531553 0.10557593701321243 0.8152331288551165
  18  730 4630 77.774065 41.792625 0.010093350894749165 0.006059439852833748 853 0.5903794735407263 0.10750229785712359 0.7999345805609439
  19  716 4502 77.560735 40.648179 -0.011314203962683678 0.001485037850216031 13771 0.5854941816511976 0.10707243771295585 0.8035745493324187
  20  717 4512 77.575599 40.736695 -0.013056173920631409 0.0018258338095620275 10737 0.5858960045581251 0.10709981169049905 0.8032779731691173
  21  718 4522 77.588231 40.827841 -0.017083486542105675 0.0006540922331623733 8473 0.5864749157263106 0.1071393636050495 0.802850129220966
  22  718 4532 77.595156 40.918407 -0.00910910964012146 0.005351262167096138 7597 0.588006047126582 0.1073110856588276 0.8017064421827328
  23  718 4542 77.598108 41.005410 0.000278451043413952 0.003910763189196587 7550 0.5897948836921336 0.10750702585960388 0.800365063306367
  24  719 4552 77.615906 41.091208 -0.0034729151520878077 0.003042880678549409 3682 0.5898131429758777 0.1074891197397915 0.8003540126159682
  25  720 4561 77.628673 41.171019 -0.008687564171850681 0.0028399729635566473 970 0.5899586205993429 0.10746968363971238 0.8002493943008646
  26  720 4569 77.634695 41.249787 -0.008683203719556332 0.004808369558304548 214 0.5910634063500849 0.10757674681165204 0.7994193475387346
  27  735 4523 77.798533 40.824117 -0.01541067659854889 0.002416664268821478 15422 0.5706183983620337 0.10567637445472615 0.8143875903602976
  28  736 4532 77.802336 40.914057 -0.016015978530049324 0.004010661039501429 15438 0.5722323712442022 0.10585283654112788 0.8132313879188596
  29  736 4542 77.806206 41.003998 -0.007300415076315403 0.004309288691729307 15447 0.5741620345559258 0.10608570225003366 0.8118397513381055
  30  726 4523 77.680096 40.826913 -0.01611238159239292 0.0020137501414865255 15428 0.5796655928309051 0.10652919547682552 0.8078609601899671
  31  725 4533 77.683716 40.916907 -0.012331000529229641 0.004224292002618313 15453 0.5812736449391459 0.10669775208271913 0.8066824278485644
  32  725 4542 77.687332 41.006845 -0.0030463554430752993 0.003924245480448008 15427 0.5830748423729593 0.10689990329383199 0.8053546665088109
  33  725 4553 77.690863 41.097093 -0.004523604176938534 0.004964078776538372 15351 0.5845048036824383 0.10703352645185442 0.8042996697049143
  34  726 4562 77.694874 41.186757 -0.011919311247766018 0.003874085145071149 15471 0.5853629776728136 0.10706823008616224 0.8036706903180143
  35  716 4494 77.554799 40.571943 -0.01690889522433281 0.0015952398534864187 10906 0.5844636561072968 0.10697181279739902 0.8043377810077865
  36  755 4633 78.081691 41.807544 0.006708974950015545 0.0033289645798504353 15654 0.5676374491889785 0.10545548956353805 0.8164967029934317
  37  756 4486 78.025072 40.488246 -0.021198730915784836 0.0009022007579915226 4981 0.5461169932334211 0.10313363547388514 0.8313360830227612
  38  755 4492 78.023156 40.548213 -0.018892904743552208 0.002001128625124693 15358 0.5475481208289834 0.10329923249455507 0.8303736050373258
  39  755 4502 78.027214 40.638180 -0.010260554030537605 0.0028122004587203264 15385 0.5492874684796291 0.10351434122645432 0.8291972371708035
  40  755 4513 78.031299 40.728159 -0.006721273995935917 0.002043456304818392 15403 0.5508090749101632 0.10368858589356049 0.8281654666502365
  41  736 4553 77.810107 41.094102 -0.00931479874998331 0.004188683815300465 15444 0.5754837321552678 0.1062078191550878 0.8108873985794601
  42  736 4563 77.813830 41.184019 -0.015451529063284397 0.0027702688239514828 15511 0.5764163538153616 0.10625814715635395 0.8102181145945223
  43  736 4573 77.817686 41.273980 -0.009216688573360443 0.005152677185833454 15524 0.5780167608388305 0.10642855910230437 0.809054748454512
  44  801 4525 78.572345 40.829047 -0.01860104501247406 0.001336971065029502 292 0.507824108972366 0.09877084083253279 0.8557797586690497
  45  745 4503 77.909110 40.641234 -0.009544678032398224 0.002632667077705264 15379 0.5588192056198689 0.1045174608313717 0.8226768477426245
  46  746 4512 77.913045 40.731183 -0.007630521897226572 0.0028124884702265263 15400 0.5601923673085173 0.1046583273528279 0.821724495268936
  47  745 4522 77.916969 40.821155 -0.01831449568271637 0.0026388957630842924 15427 0.561293466290394 0.10474858475488799 0.8209612528564075
  48  746 4533 77.920937 40.911143 -0.021729541942477226 0.002747122896835208 15449 0.5627307104516044 0.10489948143232797 0.819957466158984
  49  746 4543 77.924922 41.001126 -0.01467403955757618 0.0033628996461629868 15464 0.5646715496220968 0.10514111292102593 0.8185910990360865
  50  746 4487 77.911438 40.497747 -0.018603172153234482 0.0026691460516303778 2673 0.5555112660129401 0.10414043280376448 0.8249618194729652
  51  746 4493 77.905228 40.551276 -0.015744579955935478 0.0027139345183968544 15362 0.5571432775735446 0.10432072315393714 0.8238376994136938
  52  765 4553 78.166677 41.084764 -0.022085705772042274 0.004922807216644287 15482 0.5473650368831073 0.10338044450431906 0.8304841961723559
  53  765 4563 78.171003 41.174715 -0.03568528592586517 0.005680089816451073 15502 0.5484005902400748 0.1034674446413399 0.8297899014351335
  54  806 4550 78.647577 41.050043 -0.11464133113622665 0.009020715020596981 855 0.5054887138172879 0.0984782120474974 0.857194961461669
  55  802 4566 78.604261 41.195683 0.3272281289100647 0.0178899597376585 963 0.5128594877126219 0.09943512853802183 0.8526944359357426
  56  804 4566 78.633566 41.195042 0.30679771304130554 0.026455368846654892 929 0.5102557171451597 0.09911459959524879 0.8542923382939543
  57  802 4564 78.602858 41.173363 0.31704917550086975 0.02449341118335724 956 0.5124500955241619 0.09937866479317156 0.8529471147622246
  58  804 4564 78.631421 41.174155 0.26608362793922424 0.04603562504053116 586 0.5099435172482566 0.09907005390601113 0.8544838989913953
  59  807 4566 78.663284 41.194554 0.21294544637203217 0.02781180664896965 823 0.5076158227104379 0.098787546724605 0.8559013945228383
  60  808 4567 78.681402 41.200575 0.18538880348205566 0.012829539366066456 47 0.5061750987009778 0.09861132942733924 0.8567745182739904
  61  807 4564 78.663685 41.172554 0.12186762690544128 0.052202001214027405 270 0.5070472629472578 0.09871026060387149 0.8562472526024304
  62  802 4534 78.590121 40.902233 -0.03692089766263962 0.00708800321444869 3772 0.5074836230142935 0.0987147876457386 0.8559881792830689
  63  803 4545 78.608632 41.004193 -0.07323798537254333 0.008996689692139626 3862 0.5078432896859066 0.09875880026270023 0.8557697660537373
  64  806 4546 78.641867 41.010681 -0.08810968697071075 0.007252849172800779 315 0.5050847089681638 0.09841881739068582 0.8574398947739509
  65  803 4540 78.603849 40.960132 -0.05527271330356598 0.005649482365697622 3539 0.5073003585259953 0.09868481177716067 0.8561002594111877
  66  802 4556 78.599415 41.105789 0.012523261830210686 0.038939811289310455 930 0.5111325554528513 0.0991973304060792 0.8537583969698599
  67  804 4556 78.628996 41.104869 -0.08476041257381439 0.025274131447076797 966 0.5084927961403859 0.09887056930605016 0.8553710813433135
  68  802 4554 78.598046 41.083333 -0.05418846383690834 0.022860689088702202 969 0.5106577065192738 0.09912862799984892 0.8540504797044158
  69  804 4554 78.627808 41.082403 -0.106222003698349 0.011800705455243587 968 0.5080181101722097 0.09880260075163168 0.8556609409233136
  70  736 4582 77.821565 41.363920 2.800866604957264e-05 0.0024635051377117634 15535 0.5795387885598539 0.10658410521506147 0.8079446893631281
  71  735 4592 77.825456 41.453889 0.00021206556994002312 0.0027064227033406496 15566 0.5805782307026083 0.10665215819126482 0.8071890950622256
  72  735 4602 77.829353 41.543863 -0.0026228544302284718 0.0022468995302915573 15600 0.5816182215251553 0.10671954059252664 0.8064311403000478
  73  736 4613 77.833319 41.633841 0.00016316524124704301 0.001956953899934888 15616 0.5828961770473658 0.1068291510215738 0.8054933763076985
  74  736 4623 77.837273 41.723798 0.00014363614900503308 0.0032919442746788263 15637 0.5842901660708318 0.10695855123802157 0.8044655804631938
  75  776 4583 78.299093 41.351224 -0.013759320601820946 0.007594583090394735 15536 0.5419441335808349 0.10281971285532351 0.8341011106128963
  76  776 4592 78.303653 41.441144 0.0006386057939380407 0.002686163643375039 15563 0.543360101626959 0.10298090734985389 0.8331594881421813
  77  756 4643 78.086029 41.897491 0.010715298354625702 0.0022079115733504295 15678 0.5689743196471444 0.1055859164342289 0.8155487954946737
  78  756 4652 78.090374 41.987369 0.010422340594232082 0.004874195903539658 15664 0.5704283180469362 0.10573682669641908 0.8145128958158457
  79  755 4663 78.094659 42.077422 0.019321052357554436 0.0031256331130862236 15687 0.571637698044035 0.10584195216311827 0.8136509222862203
  80  801 4561 78.598773 41.152183 0.24828456342220306 0.034750305116176605 714 0.5123007421619378 0.09935418999731543 0.8530396793293411
  81  805 4561 78.636388 41.151212 0.061932772397994995 0.06235813722014427 333 0.5089492641339188 0.09894021587319883 0.8550915040044003
  82  801 4558 78.596325 41.125168 0.09392204135656357 0.054719265550374985 464 0.5118782022646748 0.09929513370115907 0.8533001713755561
  83  804 4558 78.632656 41.124935 -0.03894568979740143 0.033125583082437515 704 0.508655894041772 0.09889686499910734 0.8552710632015526
  84  807 4561 78.659349 41.146472 -0.06600672751665115 0.034957170486450195 575 0.5068007602120675 0.09867186773291445 0.856397601565166
  85  806 4559 78.655980 41.126812 -0.11150781065225601 0.019251231104135513 701 0.5066315557980763 0.0986454931782665 0.8565007491796124
  86  776 4513 78.267799 40.721734 -0.00743680726736784 0.0024420288391411304 15371 0.5313631918284124 0.10154642442720813 0.8410359576474546
  87  756 4523 78.035415 40.818126 -0.015797171741724014 0.0048624309711158276 15422 0.5518838349022193 0.10378006380894594 0.8274381735993519
  88  756 4533 78.039529 40.908084 -0.02083749510347843 0.0016181343235075474 15442 0.553320101948527 0.10393702354895751 0.826458686151616
  89  746 4582 77.940987 41.360935 -0.008238856680691242 0.004411111120134592 15548 0.5701130754223592 0.10567716073707561 0.8147413202550915
  90  745 4593 77.945036 41.450908 0.00019257134408690035 0.003946125041693449 15571 0.5716696328433154 0.10584457157495641 0.8136281445186756
  91  746 4603 77.949127 41.540893 8.763725054450333e-05 0.0022479079198092222 15589 0.5726670191924655 0.10591034980699664 0.812917882035434
  92  745 4613 77.953190 41.630820 0.0018874112283810973 0.001455564284697175 15605 0.5740201976335159 0.10603941078479934 0.8119460918492016
  93  745 4623 77.957309 41.720768 0.0022593699395656586 0.0034655886702239513 15623 0.5754242030473986 0.1061770652964118 0.8109336701311074
  94  746 4632 77.961481 41.810707 0.006781945936381817 0.006942501291632652 15643 0.5768239925185644 0.10631334900625382 0.8099207081424808
  95  745 4643 77.965626 41.900663 0.00939911138266325 0.003081558970734477 15680 0.5780959489514576 0.10642558995522011 0.8089985584712727
  96  755 4671 78.096443 42.154925 0.011865625157952309 0.003555217757821083 11354 0.5726933872703476 0.10592171117009956 0.812897825854894
  97  746 4652 77.969908 41.990573 0.015577388927340508 0.007765079848468304 15614 0.5794704541617061 0.10655636658185613 0.8079973598313914
  98  746 4663 77.974004 42.080581 0.01691051572561264 0.0028733336366713047 15690 0.5806000992367701 0.10664096783451475 0.8071748439746935
  99  745 4672 77.976217 42.164621 0.006046850699931383 0.004968496970832348 13633 0.5815245198117128 0.10668490560540654 0.806503294335319
 100  776 4603 78.308230 41.531087 0.008415584452450275 0.0029077541548758745 15586 0.5446282059276587 0.10311393764481626 0.8323146239081712
 101  775 4613 78.312794 41.621017 0.009844758547842503 0.002134859561920166 15604 0.5459669059531241 0.10325917719660606 0.8314190759951641
 102  776 4623 78.317453 41.710918 0.015217051841318607 0.004723911639302969 15621 0.5476065808329738 0.10345968523683663 0.8303150764373212
 103  776 4632 78.322381 41.800741 0.019085407257080078 0.0062018148601055145 15490 0.5492125003421415 0.10365487649254537 0.8292293386315082
 104  776 4643 78.326984 41.890846 0.017728975042700768 0.008308994583785534 15340 0.5505858062366141 0.10380385533994707 0.8282994806151582
 105  726 4493 77.671219 40.562588 -0.01656697317957878 0.0014696030411869287 13404 0.5755099286194943 0.1061416096052513 0.8108774758067898
 106  725 4503 77.672849 40.646958 -0.010506229475140572 0.002373369876295328 15384 0.5771036735093417 0.10630651892217108 0.8097223438047596
 107  726 4513 77.676471 40.736933 -0.010814949870109558 0.0021320506930351257 15407 0.5784118751280813 0.10642320177448353 0.8087730242997008
 108  728 4602 77.744668 41.542983 -0.004186750389635563 0.00196184148080647 6343 0.5877289491160139 0.10724348995724253 0.8019186468918009
 109  729 4612 77.756526 41.631993 -0.0025835935957729816 0.0009894671384245157 4255 0.5884932326760459 0.10731334686988993 0.8013485887415539
 110  730 4622 77.766757 41.723588 -0.0017542227869853377 0.0041642156429588795 2675 0.5894791305665248 0.10740688070900531 0.8006110894828372
 111  765 4603 78.188536 41.534468 0.007078238297253847 0.002364122774451971 15588 0.5543755011627223 0.10414560409472798 0.825724831198823
 112  765 4613 78.192958 41.624396 0.005553447175770998 0.002181975869461894 15606 0.5555786704838003 0.1042599010353225 0.8249013358817875
 113  766 4622 78.197442 41.714303 0.011923312209546566 0.005293655209243298 15614 0.5571977746555972 0.10444992265387494 0.8237844703418788
 114  766 4485 78.141089 40.478425 -0.02256181836128235 0.000729731225874275 7297 0.5363581247192796 0.10204904952760173 0.837798277354478
 115  785 4493 78.376880 40.538427 -0.02225888893008232 0.000966254563536495 15353 0.5177965733922453 0.09989786384737404 0.8496511786503804
 116  786 4503 78.381437 40.628358 -0.01884462498128414 0.0013218666426837444 15372 0.5194335735944662 0.10011371766172557 0.8486259518532476
 117  785 4513 78.385969 40.718285 -0.011457904241979122 0.003047147998586297 15388 0.521220813080357 0.10035674792771017 0.8475006708889531
 118  765 4643 78.206360 41.894272 0.013660271652042866 0.0041860719211399555 15630 0.5598132730245481 0.10471287235140281 0.82197585956612
 119  766 4652 78.210911 41.984104 0.012750712223351002 0.0028647147119045258 15690 0.5611784020519524 0.104854328814253 0.8210264129730114
 120  765 4663 78.215341 42.074127 0.019864026457071304 0.009109101258218288 15451 0.5625535535860048 0.10499568534344578 0.820066707900655
 121  765 4670 78.216344 42.145126 0.013796593993902206 0.002412414876744151 9028 0.5636622069994937 0.10509459888576599 0.8192924030439316
 122  776 4484 78.257818 40.468452 -0.023638656362891197 0.0005215159035287797 9612 0.5263805771608016 0.10090156038435559 0.8442407021104015
 123  775 4493 78.259005 40.541816 -0.021550670266151428 0.0009160327608697116 15351 0.5278700796484698 0.10108771551702753 0.8432878825071939
 124  775 4502 78.263376 40.631715 -0.0164533331990242 0.0029067066498100758 15357 0.5295832930075315 0.10131124896230463 0.8421861828604154
 125  806 4556 78.653449 41.104365 -0.1304716318845749 0.007239149417728186 625 0.5063138883854307 0.09859933221627105 0.8566938882206008
 126  806 4554 78.651174 41.081968 -0.13055045902729034 0.0037146881222724915 551 0.5059509021983198 0.09854593185930911 0.8569144554030388
 127  802 4551 78.596891 41.060863 -0.07921703904867172 0.009587427601218224 964 0.5101793789130372 0.09906047176082565 0.8543442071357599
 128  804 4551 78.626513 41.059935 -0.10701895505189896 0.006985340733081102 964 0.5075669607179216 0.09873842255536994 0.8559360398410905
 129  802 4549 78.595597 41.038383 -0.07987494766712189 0.005928101018071175 969 0.5097532927922749 0.09900136046796763 0.8546053540160656
 130  804 4549 78.625340 41.037450 -0.09714959561824799 0.005211178679019213 969 0.5071349662178113 0.09867855390823424 0.8561989658004961
 131  755 4563 78.051960 41.177934 -0.025161603465676308 0.0045655956491827965 15503 0.5581576549214771 0.10449981494306866 0.8231280707942245
 132  755 4573 78.056156 41.267884 -0.02338712476193905 0.0036314388271421194 15527 0.559348130767134 0.1046087049549366 0.8223057141081802
 133  756 4583 78.060367 41.357837 -0.014763626269996166 0.0035715324338525534 15548 0.5607662825154589 0.1047584656878902 0.8213201813303453
 134  756 4593 78.064606 41.447785 -0.0017024542903527617 0.004802614450454712 15566 0.5623348009799757 0.10493484296894753 0.8202245121537721
 135  765 4633 78.201744 41.804282 0.014935926534235477 0.0067244283854961395 15495 0.5586523404846249 0.10460765458937965 0.8227787072307838
 136  776 4653 78.331464 41.980816 0.017724839970469475 0.003164780093356967 15632 0.551783630406374 0.10391911836492497 0.8274875479750851
 137  776 4662 78.336608 42.070163 0.017924446612596512 0.005105491261929274 15480 0.5530043843206965 0.10404299379634173 0.8266566435733651
 138  775 4670 78.335784 42.135490 0.021147778257727623 0.007113505154848099 6586 0.5544596725542703 0.10420668614434682 0.8256606070740112
 139  786 4484 78.374777 40.458325 -0.02421385981142521 0.0005917235394008458 11923 0.5162142558528693 0.09969276905626814 0.8506375220104988
 140  776 4523 78.272208 40.811625 -0.008425405248999596 0.0029484345577657223 15415 0.5328097040495268 0.10171860573827667 0.8400994848929005
 141  775 4533 78.276603 40.901572 -0.014639543369412422 0.0025334134697914124 15439 0.5338884982805827 0.1018212530704823 0.8394018726610402
 142  775 4543 78.281057 40.991513 -0.010131129063665867 0.0077355047687888145 15456 0.5355695765734676 0.10203552088084143 0.8383042294581914
 143  775 4553 78.285518 41.081433 -0.012277466244995594 0.013636549934744835 15469 0.5374156365381425 0.10227956397863384 0.8370921839299682
 144  775 4563 78.290013 41.171376 -0.03227325528860092 0.006660411600023508 15491 0.5388022670350675 0.1024374473877412 0.836181012945496
 145  776 4573 78.294561 41.261301 -0.030632657930254936 0.004987527150660753 15523 0.5405663263658224 0.10266493220757403 0.8350137474881317
 146  745 4572 77.936911 41.270981 -0.01616993173956871 0.004418201744556427 15528 0.568827576401427 0.10555770636467715 0.8156548037940483
 147  786 4523 78.390564 40.808209 -0.007091153878718615 0.001936915796250105 15413 0.5229233953355822 0.10058327951425151 0.8464243182310303
 148  785 4533 78.395139 40.898143 -0.01313310768455267 0.0028953496366739273 15428 0.5240985279649791 0.10070984126943641 0.8456821275493689
 149  726 4572 77.699528 41.276093 -0.005367515608668327 0.005147628486156464 15178 0.5869075816274731 0.10722951951406905 0.8025218506514155
 150  726 4582 77.711941 41.365547 0.0010349837830290198 0.0029258548747748137 12940 0.5875223586140302 0.10727652496626548 0.8020655991374828
 151  727 4592 77.727317 41.452738 6.210774881765246e-05 0.003003029152750969 9762 0.5877829354897149 0.1072839376340163 0.8018736667785232
 152  736 4632 77.841607 41.813550 0.007491644471883774 0.008897866122424603 15522 0.5858081185968576 0.10711210346080645 0.8033404293811008
 153  736 4642 77.848259 41.903487 0.005629542283713818 0.007387039717286825 14874 0.586769818367566 0.10718104583211356 0.8026290573279962
 154  737 4652 77.864484 41.990959 0.015274384059011936 0.00391436368227005 11518 0.5869964713622697 0.10718810947973144 0.8024623678369006
 155  737 4662 77.876264 42.080853 0.017318854108452797 0.0024610564578324556 9615 0.5876471528490347 0.10723600049133429 0.8019795907297428
 156  739 4672 77.893732 42.164451 0.009722965769469738 0.006583187263458967 5516 0.5875086978959525 0.10719265294869543 0.8020868188983179
 157  756 4543 78.043650 40.998023 -0.013330965302884579 0.0034161556977778673 15458 0.5554662820385675 0.10422321377954791 0.824981655085562
 158  755 4552 78.047767 41.087968 -0.018171150237321854 0.00609294418245554 15479 0.5570557998873001 0.1044062892341513 0.8238860130990664
 159  785 4543 78.399748 40.988067 0.006579414010047913 0.015130707062780857 15459 0.5254943157283303 0.10087711373367393 0.844795556369692
 160  783 4555 78.375830 41.101315 0.04970233887434006 0.021125324070453644 3864 0.5300558903299988 0.10143223622621714 0.841874251049776
 161  787 4556 78.420922 41.111269 0.11509546637535095 0.015255489386618137 965 0.526358704229938 0.10099938935454758 0.8442426415618848
 162  789 4556 78.450721 41.110383 0.16212677955627441 0.01528800930827856 970 0.5238594610010882 0.1007109607155403 0.8458301055835045
 163  787 4554 78.419847 41.088786 0.10701333731412888 0.011007126420736313 969 0.5260057408914239 0.10095747756700522 0.8444676123289583
 164  789 4554 78.449544 41.087912 0.132745161652565 0.014484582468867302 964 0.5234919748616361 0.10066537023143954 0.8460630209928993
 165  783 4550 78.373523 41.056392 0.04175069183111191 0.013596562668681145 3865 0.5294853644852013 0.10137359191994726 0.8422402529309683
 166  788 4550 78.432913 41.054633 0.06902904063463211 0.019239377230405807 3869 0.5242188400523833 0.10074707720798509 0.8456031185894374
 167  783 4565 78.380416 41.191205 -0.018869673833251 0.014795370399951935 3862 0.5317801995880704 0.10165754065016737 0.8407589213056449
 168  787 4566 78.425718 41.201173 0.026427915319800377 0.01225471030920744 969 0.5284791272843155 0.10130206348365514 0.8428805988743375
 169  789 4566 78.455485 41.200342 0.07367094606161118 0.012380130589008331 962 0.5259858669302981 0.10101603058688612 0.8444729891204644
 170  787 4564 78.424422 41.178745 0.027264250442385674 0.013341524638235569 960 0.5279675001075915 0.10122930245727026 0.8432099069354883
 171  789 4564 78.454195 41.177820 0.07528497278690338 0.018921218812465668 964 0.5254702908001462 0.10094231923867854 0.8448027116866555
 172  783 4560 78.378045 41.146284 0.009319724515080452 0.02141021564602852 3840 0.5307944083544566 0.1015214282659041 0.8413980601727659
 173  787 4561 78.423401 41.156263 0.05344405397772789 0.014258761890232563 961 0.5274385383954775 0.1011549720539269 0.8435497968964321
 174  789 4561 78.453078 41.155323 0.1000998392701149 0.0209673922508955 964 0.5249216312510443 0.10086334771120364 0.8451531613460554
 175  787 4559 78.422200 41.133729 0.08475731313228607 0.03589814901351929 952 0.5268887287791466 0.10107564135374178 0.8439028274691492
 176  789 4559 78.451870 41.132842 0.1595226675271988 0.036254577338695526 963 0.5243830841918707 0.1007856227466255 0.8454966819928961
 177  788 4570 78.442214 41.234478 0.03261531889438629 0.023195017129182816 3854 0.5279504603146288 0.10125696521370611 0.8432172545965136
 178  785 4582 78.418421 41.347733 -0.0017508035525679588 0.006560489535331726 15541 0.53211718172556 0.10173358113743777 0.840536485455212
 179  786 4593 78.423150 41.437654 0.00648699002340436 0.002745811128988862 15559 0.5336724721129931 0.10192703224599395 0.8395263978019577
 180  795 4632 78.562370 41.793625 0.009828039444983006 0.002560383640229702 15642 0.5292396970967937 0.10145676012963925 0.8423846323627294
 181  795 4643 78.567362 41.883524 0.012528394348919392 0.0013869660906493664 15665 0.53077238379328 0.10164871756941235 0.8413965859325155
 182  795 4653 78.572350 41.973426 0.015158724039793015 0.0023581855930387974 15678 0.5323719398134644 0.10185227035418055 0.8403607753357768
 183  795 4663 78.577373 42.063335 0.01571318507194519 0.00490202009677887 15643 0.5339392876193009 0.10204911553424696 0.8393418940784926
 184  785 4623 78.437426 41.707401 0.012576697394251823 0.0014907114673405886 15623 0.5377641316263233 0.10239573993205102 0.8368541397280378
 185  785 4633 78.442228 41.797312 0.014984295703470707 0.0032711729872971773 15649 0.539327582185814 0.10258764550435194 0.8358238654665692
 186  815 4653 78.803695 41.966134 0.009991741739213467 0.0036235342267900705 13097 0.5129509113766205 0.09961647450704378 0.8526182736281707
 187  815 4662 78.811588 42.049436 0.013845435343682766 0.004288531839847565 12252 0.514348401631652 0.0998174994337136 0.851752422095626
 188  798 4575 78.563881 41.275798 0.13461090624332428 0.02797221578657627 3859 0.5181120859063509 0.10008236186971982 0.8494371002495408
 189  792 4571 78.487564 41.244371 0.08925016969442368 0.019096646457910538 968 0.5242704235551786 0.10082726334100842 0.8455615802249039
 190  794 4571 78.517333 41.243434 0.12633071839809418 0.016484040766954422 966 0.5216485667247985 0.10051436612541895 0.847218764568142
 191  792 4569 78.486443 41.221861 0.11792702972888947 0.024182336404919624 962 0.5239141542118694 0.10078420021523261 0.8457875052301479
 192  794 4569 78.516174 41.220995 0.17585071921348572 0.016660520806908607 955 0.5213114372976914 0.10047423954565764 0.8474310075341455
 193  797 4571 78.547133 41.242548 0.16315755248069763 0.019783150404691696 964 0.518973617186702 0.10018981441733948 0.8488983365227956
 194  799 4571 78.576938 41.241612 0.20981700718402863 0.014894413761794567 966 0.5162920612081039 0.09986214490020473 0.8505704318570085
 195  786 4643 78.447131 41.887239 0.018680907785892487 0.0040254187770187855 15616 0.5408843583809649 0.1027780125395194 0.834793861379705
 196  785 4653 78.451902 41.977126 0.017678767442703247 0.003061192110180855 15680 0.5422233283575054 0.10292639073849923 0.8339064817318873
 197  785 4663 78.456768 42.067034 0.014260837808251381 0.002734279027208686 15695 0.5435032885732539 0.10306359309947294 0.8330558631253276
 198  785 4669 78.455398 42.125025 0.013379008509218693 0.007104904856532812 4423 0.5448847285820847 0.10322577029905386 0.8321328457068589
 199  792 4556 78.480466 41.109508 0.19657392799854279 0.01793483830988407 966 0.5213714729591755 0.10042251678001785 0.8474002037455188
 200  794 4556 78.510133 41.108560 0.20269103348255157 0.03018062934279442 965 0.5188688226623828 0.10012920170706517 0.84896954470373
 201  792 4554 78.479217 41.087015 0.1350722759962082 0.021123569458723068 969 0.5209950478258313 0.10037452372538735 0.8476373724228193
 202  794 4554 78.508988 41.086072 0.10908243060112 0.026052536442875862 971 0.5184643612705324 0.10007620455217028 0.8492228561306926
 203  793 4545 78.489951 41.007854 -0.00999406911432743 0.012837167829275131 3862 0.5181917699470939 0.10001613480177829 0.8493962928682999
 204  798 4545 78.549284 41.006047 -0.04555726423859596 0.009900348260998726 3864 0.5130256739904129 0.09939251587317706 0.8525994285800823
 205  793 4540 78.487570 40.962918 -0.023883318528532982 0.0055174254812300205 3862 0.5173984649356685 0.09991227334082414 0.8498919732048786
 206  798 4540 78.546882 40.961093 -0.0405120812356472 0.005040302872657776 3861 0.5122551190510687 0.09929150791966819 0.8530743751051334
 207  811 4595 78.727798 41.449505 -0.012426966801285744 0.0012940381420776248 531 0.508022332762503 0.09891130246469344 0.855645875148874
 208  786 4602 78.427882 41.527558 0.009482307359576225 0.0020729410462081432 15577 0.5350005966867496 0.10207731271599045 0.8386623777024361
 209  785 4613 78.432624 41.617476 0.011173775419592857 0.0025083771906793118 15606 0.5363504525510736 0.10223083896410418 0.8377810260521266
 210  795 4593 78.542613 41.434055 0.008762394078075886 0.0020298678427934647 15555 0.523713896114554 0.10079512651922706 0.8459102183367257
 211  795 4603 78.547518 41.523946 0.0086291478946805 0.0019216092769056559 15578 0.5251888437773558 0.10097912764449876 0.8449733097275678
 212  795 4613 78.552436 41.613839 0.00965859554708004 0.0033996428828686476 15598 0.5264233453343897 0.1011172299258554 0.844188229779989
 213  795 4622 78.557396 41.703729 0.009311240166425705 0.002021895023062825 15619 0.5277510218649044 0.10127231533564335 0.8433402498796717
 214  805 4652 78.692811 41.969528 0.015578980557620525 0.0039831046015024185 15637 0.5225426690374233 0.10075460730711555 0.8466390424151458
 215  805 4662 78.697251 42.058771 0.018547646701335907 0.003421445144340396 15336 0.5240631145320818 0.10094537205082249 0.8456759922384312
 216  802 4668 78.659973 42.107784 0.016474556177854538 0.0007868115208111703 262 0.5279868001542689 0.10138634011790636 0.8431789542560655
 217  811 4603 78.732517 41.522444 -0.004287525080144405 0.004278087988495827 688 0.5095638165590477 0.09913682954773616 0.8547026417889442
 218  812 4614 78.747184 41.618693 0.0011455387575551867 0.0018866019090637565 3137 0.5103818338701567 0.09925264545442192 0.8542009693424812
 219  812 4623 78.760484 41.697850 0.006424465216696262 0.002561385277658701 5965 0.5107696607795745 0.09930088500177152 0.8539635167060613
 220  813 4633 78.775045 41.793172 0.007296443916857243 0.0017053034389391541 7874 0.5114290072115469 0.09938671857592553 0.8535588150522032
 221  814 4643 78.792282 41.877716 0.009564247913658619 0.0020122972782701254 11389 0.5117281939732183 0.09943398513080379 0.8533739731758376
 222  783 4575 78.385096 41.281172 -0.014206675812602043 0.006175818853080273 3879 0.5336421840237963 0.10190799019834118 0.8395479622773481
 223  788 4575 78.444641 41.279425 0.008861827664077282 0.01328321173787117 3874 0.5285888591288523 0.10132934272137012 0.8428085086830303
 224  783 4570 78.382756 41.236256 -0.01927710324525833 0.009799078106880188 3872 0.532866126013822 0.10181168454381405 0.840052422553124
 225  795 4668 78.570180 42.115474 0.013334319926798344 0.008439461700618267 2209 0.5355894425372241 0.10223795473413554 0.8382668725736729
 226  794 4483 78.468026 40.452015 -0.02566617541015148 0.0006394914817065 8350 0.5080008136552598 0.09868716520910419 0.8556845310910937
 227  794 4493 78.479425 40.536574 -0.024510473012924194 0.0007689004996791482 11315 0.5088941678728988 0.098813416425909 0.8551389563335247
 228  795 4503 78.490656 40.626048 -0.021585633978247643 0.0014422389212995768 13046 0.5099938497534151 0.09897115252144774 0.8544653206434227
 229  795 4512 78.496738 40.714779 -0.014112805016338825 0.0038210642524063587 13449 0.5118293245398724 0.09923900382318047 0.8533360197842588
 230  795 4523 78.506602 40.806046 -0.01104216929525137 0.0031996779143810272 14742 0.5130523139465252 0.0994088382861652 0.8525814952394353
 231  796 4533 78.513648 40.894577 -0.02381424605846405 0.007243586704134941 15431 0.5140283211957524 0.0995186242619325 0.8519805915827477
 232  807 4580 78.678278 41.318254 0.1426418572664261 0.02279912494122982 2831 0.5094974154055139 0.09907183496723532 0.854749761749792
 233  805 4593 78.659395 41.431717 0.005201719235628843 0.00968360248953104 14789 0.513619397179248 0.09959239084947775 0.8522185579568841
 234  805 4603 78.666873 41.520248 0.001906494959257543 0.0037846111226826906 15499 0.515115297055804 0.09980245496589293 0.8512906088533408
 235  805 4612 78.672223 41.610019 0.006294894497841597 0.0032794794533401728 15575 0.5165986406439066 0.09999524310246864 0.8503686235049752
 236  805 4623 78.677346 41.699971 0.00782185047864914 0.0017616701079532504 15618 0.5178479580629968 0.10014143373753345 0.8495911873242189
 237  805 4633 78.682481 41.789856 0.006282139103859663 0.0011172604281455278 15638 0.5190741437612232 0.10028268482685967 0.8488259046485739
 238  806 4643 78.687659 41.879737 0.01133833546191454 0.0021159241441637278 15661 0.5206063882281136 0.10048108218325716 0.847863515348644
 239  797 4556 78.539848 41.107635 0.16929234564304352 0.03803498297929764 969 0.5163123487914532 0.09982435287941473 0.8505625532890918
 240  799 4556 78.569634 41.106699 0.10724037885665894 0.03888409584760666 969 0.5137407449081385 0.0995152218197283 0.8521544271124813
 241  797 4569 78.545827 41.220054 0.19601771235466003 0.019432062283158302 959 0.5186338996963333 0.10014807977941576 0.8491108527172818
 242  799 4569 78.575569 41.219023 0.24585039913654327 0.020452825352549553 954 0.5159411059545176 0.09981772566346057 0.8507885735185936
 243  793 4585 78.509117 41.367536 0.012108908034861088 0.006337310653179884 3885 0.5249167681961877 0.10091047059414877 0.8451505566412041
 244  798 4585 78.568775 41.365709 0.02925955317914486 0.009522175416350365 3883 0.519826668993649 0.1003142473253774 0.8483615302372629
 245  793 4580 78.506711 41.322593 0.031120633706450462 0.014640298672020435 3877 0.5240502325299752 0.10079454482411597 0.8457019649492237
 246  798 4580 78.566353 41.320772 0.07583127170801163 0.023000145331025124 3878 0.5190351458692329 0.10021093874209422 0.8488582243866949
 247  803 4575 78.623458 41.273890 0.19763042032718658 0.02795400843024254 3852 0.5131142784902692 0.0994933566707444 0.8525343448728612
 248  807 4575 78.667889 41.273845 0.19916392862796783 0.01026085950434208 1776 0.5095064399637945 0.0990705736103199 0.854744528546362
 249  802 4571 78.606735 41.240660 0.2516222596168518 0.024427296593785286 963 0.5136741274413764 0.09954470237342809 0.8521911423071271
 250  799 4549 78.565931 41.039300 -0.057131677865982056 0.008777235634624958 964 0.512358715650925 0.09932048040967063 0.8530087858092241
 251  792 4566 78.485202 41.199413 0.12396136671304703 0.024949921295046806 946 0.5234843691385254 0.10072647954692467 0.846060453859961
 252  794 4566 78.514890 41.198569 0.20034316182136536 0.021509094163775444 962 0.5209186125520044 0.10042282615206113 0.8476786272429709
 253  792 4564 78.483943 41.176921 0.13085319101810455 0.014582113362848759 958 0.522958243965756 0.10065055278408894 0.8463947904450442
 254  794 4564 78.513791 41.176024 0.18611349165439606 0.020406978204846382 954 0.5203858954123036 0.10034629862514531 0.8480148231063938
 255  797 4566 78.544777 41.197602 0.22084757685661316 0.0225520096719265 960 0.5182185551993582 0.1000935156318996 0.8493708360754662
 256  799 4566 78.574587 41.196601 0.2642017602920532 0.028154300525784492 958 0.5155193275347032 0.0997619515903167 0.8510507481655007
 257  797 4564 78.543416 41.175113 0.23322710394859314 0.018753718584775925 941 0.5177463806601319 0.10002637184405498 0.8496666465438363
 258  799 4564 78.573342 41.174129 0.27501994371414185 0.022831255570054054 940 0.5150766042746474 0.09970067201205199 0.851325946820161
 259  792 4561 78.482875 41.154456 0.15756826102733612 0.022810008376836777 959 0.5223767278807235 0.10056526796023231 0.8467639464742905
 260  794 4561 78.512532 41.153525 0.21704433858394623 0.035594429820775986 961 0.5198218036180224 0.10026278387047088 0.8483705951138626
 261  792 4559 78.481580 41.131992 0.22275714576244354 0.026324283331632614 970 0.521866867499855 0.10049201225603849 0.8470869660658349
 262  794 4559 78.511340 41.131043 0.27464956045150757 0.01821867749094963 969 0.5193296172902973 0.10019310680377265 0.8486802047615587
 263  797 4561 78.542269 41.152598 0.27129802107810974 0.01657421514391899 967 0.5172258671009027 0.09995135907934292 0.8499924283309304
 264  799 4561 78.572111 41.151643 0.28248918056488037 0.01647508703172207 965 0.5146179103310569 0.09963642386205858 0.8516108203906738
 265  797 4559 78.541124 41.130105 0.2614613473415375 0.022051459178328514 966 0.5167563840859961 0.09988588509534574 0.8502856281656687
 266  799 4559 78.570782 41.129192 0.20227442681789398 0.03804127871990204 966 0.5141901553023552 0.0995773334182891 0.851876070129595
 267  793 4575 78.504279 41.277662 0.06432873755693436 0.02461167238652706 3856 0.5233580575366445 0.10071094487732449 0.8461404429486791
 268  797 4554 78.538708 41.085173 0.06445666402578354 0.031042326241731644 965 0.5158729517058731 0.09976441845243939 0.8508361525635336
 269  799 4554 78.568344 41.084226 0.00790812075138092 0.031039077788591385 964 0.5132749549734832 0.09944908274039713 0.8524427843198994
 270  792 4551 78.478103 41.064511 0.07064283639192581 0.017270423471927643 969 0.5206047107450701 0.10032468849172399 0.8478830650679847
 271  794 4551 78.507772 41.063590 0.041609544306993484 0.018060915172100067 962 0.5180518290248493 0.10002121009320163 0.8494810533352113
 272  792 4549 78.476850 41.042013 0.028831390663981438 0.011926100589334965 966 0.520150614849094 0.10026196509175878 0.8481691318528684
 273  794 4549 78.506565 41.041114 0.0027493860106915236 0.01001331489533186 970 0.5175615461520671 0.09995154641971378 0.8497880525831071
 274  797 4551 78.537436 41.062689 -0.00010126761480933055 0.017383771017193794 969 0.5154372016605204 0.09970437350674358 0.8511072371023524
 275  799 4551 78.567189 41.061770 -0.04390306770801544 0.01376473531126976 969 0.5128049629608018 0.09938286150091252 0.8527333210345782
 276  797 4549 78.536286 41.040202 -0.02604447863996029 0.010414517484605312 966 0.5149583762729504 0.09963684912453434 0.8514049383242156
 277  804 4571 78.636431 41.239677 0.26713648438453674 0.014542984776198864 966 0.5110892736791378 0.09923115497171973 0.8537803770368055
 278  802 4569 78.605470 41.218039 0.3020564615726471 0.010029733180999756 955 0.5132668892220134 0.09948996389516249 0.8524428705271085
 279  804 4569 78.635286 41.217240 0.2999911308288574 0.008534125052392483 969 0.5106233792210204 0.09916542806995582 0.8540667318591729
 280  807 4571 78.666234 41.238793 0.24172134697437286 0.019300803542137146 971 0.5084835872567122 0.09891227186609293 0.8553717343733271
 281  808 4571 78.683345 41.237466 0.21319279074668884 0.016024643555283546 142 0.5069558913968505 0.09872353389378918 0.8562998236795023
 282  807 4569 78.664900 41.216450 0.24783450365066528 0.027988512068986893 951 0.5079960084883951 0.09884084539968424 0.8556696457398347
 283  808 4569 78.681943 41.215651 0.20465588569641113 0.01655699498951435 130 0.5064943827309177 0.09865577319141872 0.8565806901150819
 284  803 4585 78.628420 41.363784 0.04580429196357727 0.017614947631955147 3882 0.5146617721626007 0.0996968501297663 0.8515772415633559
 285  807 4585 78.677596 41.363584 0.06435833871364594 0.02611127309501171 2466 0.5104392245769184 0.09918750995814228 0.8541742421084926
 286  803 4580 78.625941 41.318837 0.11815027892589569 0.026944439858198166 3871 0.5139620837050757 0.09960922494428974 0.8520099640377069
